-2.549999999999999822e+00 5.000000000000000000e-01
7.500000000000000000e-01 1.100000000000000089e+00
-2.850000000000000089e+00 1.900000000000000355e+00
1.650000000000000355e+00 3.000000000000002665e-01
2.250000000000000000e+00 -1.699999999999999956e+00
1.950000000000000178e+00 -1.500000000000000000e+00
1.050000000000000711e+00 -1.899999999999999911e+00
1.500000000000003553e-01 -5.000000000000000000e-01
-1.500000000000003553e-01 1.700000000000000178e+00
4.500000000000001776e-01 9.000000000000003553e-01
-7.500000000000000000e-01 -6.999999999999997335e-01
2.850000000000000533e+00 -2.999999999999998224e-01
-2.250000000000000000e+00 1.500000000000000000e+00
-1.049999999999999600e+00 -1.100000000000000089e+00
-1.349999999999999867e+00 7.000000000000001776e-01
-4.499999999999997335e-01 -1.299999999999999822e+00
1.350000000000000533e+00 -8.999999999999999112e-01
-1.949999999999999956e+00 1.000000000000000888e-01
-1.649999999999999911e+00 1.300000000000000266e+00
2.550000000000000711e+00 -1.000000000000000888e-01
8.492488715778049313e-01 1.792420079245161668e-01
8.492488715778049313e-01 1.792420079245161668e-01
-1.286476084172079704e+00 9.791291038851994699e-01
1.496361451366605033e+00 7.676795543538218469e-01
8.055664219612613808e-01 -7.026021583442120244e-01
-1.058200796837458046e+00 -1.546857783155452803e-01
-1.559303439994141005e+00 1.063934964098695701e+00
-1.550514679360376791e+00 -3.937881687640765183e-01
9.050732412576654173e-01 6.169226297336544151e-01
2.548392312125012715e+00 5.782503296560171924e-01
-1.042761146468195177e-01 5.278147392687119188e-01
2.548392312125012715e+00 5.782503296560171924e-01
1.653553492814184400e+00 -1.682535046111556243e-01
-4.229401806555456167e-01 8.302919624282935063e-01
-2.065389215442390292e+00 1.148541960182309474e+00
3.664866284014772213e-01 -1.643005712524477080e-01
1.943204555750894347e+00 6.414184047169634029e-02
1.478508688914961677e+00 -1.161131265111753352e+00
1.710304145508201534e+00 -8.469077218185318001e-01
-5.126110888704533686e-01 5.779421015057899513e-01
3.963903518973436180e-01 -5.980030408332376313e-01
