2.683906917187498209e+01
3.486273046875001391e+00
1.048432162968750134e+02
2.218582546874999117e+00
2.770147617187499733e+01
1.149787729687500004e+01
3.799753542187499278e+01
-7.360593281249997455e-01
2.168234067187501068e+01
5.160547968750023307e-01
1.170273046874999778e+00
7.138721629687509562e+01
1.755307617187500213e+01
4.475535421874999642e+00
3.880519218749992616e-01
5.976054796874993968e+00
5.020519218749990298e-01
2.938277296874996836e+00
4.570582546875003871e+00
2.856946917187505974e+01
1.945441589833470264e+00
1.945441589833470264e+00
9.610457411655364268e-01
2.350513924330801530e+00
2.366599352483205188e-01
2.384221105992882173e+00
1.040734160766179306e+00
2.197177987821443690e+00
1.666105369612572940e+00
2.929219569548860846e+01
-8.156999108099522999e-01
2.929219569548860846e+01
1.662757329052198418e+00
-5.574707470665335451e-01
4.036358570702850201e+00
3.348959793247257011e-01
3.216478405670879948e+00
2.352162340066069390e+00
-1.847150116580682511e-01
-2.739308528550996602e-01
-5.779915586521241488e-01
