64 133
8 9
94 133
140 141
74 75
73 74
63 136
21 41
17 38
49 139
94 136
64 136
12 67
66 159
25 145
123 140
70 152
16 37
63 126
72 104
119 147
108 133
31 34
76 100
32 35
25 89
44 122
107 131
113 114
46 111
27 120
87 97
26 89
68 83
146 150
63 93
82 106
124 141
16 17
86 127
5 40
108 136
83 127
44 125
116 150
50 51
58 62
82 83
6 51
33 149
3 103
61 100
48 156
77 108
68 116
93 133
143 154
29 143
70 77
64 80
12 37
113 160
69 84
28 47
65 133
4 10
62 100
52 159
45 80
95 133
59 67
78 80
49 116
9 67
55 84
3 18
23 89
79 134
78 133
19 148
106 110
107 140
12 112
60 152
43 44
56 76
39 71
126 133
3 148
15 146
56 109
29 156
29 45
80 93
30 157
18 19
76 109
103 114
65 78
68 106
40 152
82 129
14 36
65 136
71 152
79 121
32 156
85 86
95 136
118 119
98 124
60 77
43 99
26 46
50 159
124 131
14 124
54 152
43 122
90 110
99 116
25 26
117 138
32 34
78 136
115 129
93 97
74 130
66 139
6 50
5 30
9 112
81 91
80 135
9 59
143 153
2 72
35 151
81 90
82 105
57 109
34 149
34 137
55 86
87 142
44 49
91 110
123 142
83 106
28 92
72 96
39 48
56 66
135 152
66 138
68 105
46 90
65 93
14 125
39 40
71 77
12 59
14 122
24 89
25 114
93 132
15 148
122 140
30 137
121 130
33 151
50 61
100 117
21 154
27 119
52 138
78 135
57 76
25 91
81 113
36 116
116 139
3 15
26 91
63 95
13 123
13 14
82 128
78 79
34 48
13 101
47 137
79 80
68 85
59 112
69 86
122 150
4 22
63 108
11 104
56 88
31 158
6 40
85 128
83 129
120 155
65 80
79 133
15 36
35 153
126 132
13 122
6 60
29 155
18 150
55 151
46 103
2 42
45 115
70 121
45 79
86 116
105 130
12 16
4 12
69 141
45 92
21 111
41 153
23 110
56 58
70 134
84 127
46 113
51 138
30 48
25 81
32 47
55 118
80 102
140 142
50 138
14 69
9 16
31 157
88 109
49 62
107 122
103 149
57 66
69 131
5 32
107 142
46 145
0 72
63 72
45 82
100 139
47 48
32 158
0 42
10 22
134 152
110 145
75 82
98 123
117 159
13 125
85 131
23 113
121 152
76 88
52 62
84 116
45 147
87 131
25 46
27 134
42 104
83 105
96 136
79 136
77 132
21 45
28 147
115 128
19 150
69 85
120 144
8 10
28 48
53 60
10 12
36 150
7 10
85 98
21 143
43 101
78 102
64 72
29 92
70 78
3 150
14 15
43 124
77 79
106 121
55 85
72 95
153 154
99 141
85 116
54 134
34 151
100 159
98 125
4 67
104 132
79 135
31 137
83 128
3 19
23 90
57 88
26 90
75 127
30 149
50 62
60 121
44 116
6 42
64 94
50 52
58 76
87 98
13 69
27 144
2 11
75 160
151 154
81 115
68 98
60 134
32 157
21 153
27 152
71 121
25 103
33 153
92 147
12 38
71 134
2 41
61 159
41 154
37 67
13 124
81 105
87 111
58 66
9 38
153 157
7 22
6 52
79 102
23 24
69 140
40 134
26 113
56 57
24 25
26 103
23 145
24 110
57 58
89 90
9 146
73 121
68 87
60 78
64 104
66 117
41 111
141 142
144 147
2 96
10 67
27 45
119 151
63 97
72 108
149 151
55 120
44 139
81 82
82 130
14 116
56 100
0 41
89 113
86 131
63 64
9 103
45 81
26 145
111 160
156 157
42 136
85 87
137 155
89 103
105 110
55 87
100 138
24 113
118 120
44 124
2 21
82 110
99 140
114 160
41 143
4 112
15 124
64 126
30 151
107 124
78 94
20 29
94 126
5 31
42 126
41 45
115 130
77 78
118 151
89 91
86 98
54 133
20 153
46 160
81 114
54 78
34 153
99 107
25 113
81 127
54 77
3 107
65 72
124 142
18 43
7 146
101 107
10 37
122 141
1 28
64 93
37 112
65 94
24 90
84 85
7 67
8 22
58 109
14 148
8 146
31 149
75 81
20 41
32 137
61 139
106 113
122 131
123 124
57 100
70 80
77 121
10 112
58 88
62 159
6 152
108 126
0 96
8 12
38 67
77 134
46 91
70 135
105 128
48 137
46 114
54 70
15 18
63 132
14 141
89 145
13 36
83 130
110 114
85 97
84 98
24 145
9 37
36 107
4 59
28 40
93 136
153 156
1 27
39 152
2 20
35 154
86 128
74 156
90 91
8 67
49 76
29 147
84 128
65 104
90 113
131 140
42 93
15 116
40 47
69 98
70 102
101 122
55 119
20 21
12 17
23 26
69 142
61 138
53 54
0 21
78 126
51 61
93 126
66 109
52 109
86 87
75 106
63 96
77 133
32 149
86 97
54 80
119 120
11 72
45 83
7 12
60 70
43 148
111 149
102 152
1 96
37 59
137 156
149 153
126 136
7 37
68 86
65 126
70 79
54 135
8 37
85 142
104 136
95 126
30 32
64 96
69 87
9 17
4 16
10 59
45 106
53 77
66 76
23 46
96 104
5 33
32 48
109 159
44 85
49 66
127 129
62 139
0 20
27 47
71 80
145 160
45 73
154 157
23 91
31 151
30 153
23 114
80 95
51 159
77 136
76 138
109 117
19 43
8 112
60 135
36 43
69 107
81 106
78 93
77 80
71 78
26 114
81 129
60 79
110 113
49 109
18 146
9 49
11 42
7 112
13 116
36 122
106 115
88 100
44 150
99 142
99 122
52 76
42 72
121 134
71 135
60 80
91 113
81 83
64 95
54 102
129 160
69 99
61 62
18 101
10 16
107 123
94 95
36 44
60 102
84 87
1 20
25 160
127 128
64 108
14 107
151 153
80 108
148 150
50 76
154 156
118 155
77 126
94 108
72 132
58 100
89 114
71 102
23 25
38 112
69 122
2 45
3 43
24 26
16 22
62 138
52 66
23 81
73 82
77 93
53 152
50 66
26 160
123 125
36 99
27 92
49 88
153 158
7 16
75 128
83 110
128 129
45 105
29 30
38 59
24 46
7 59
3 101
89 160
42 95
3 99
82 121
116 122
2 143
8 59
54 79
32 151
95 96
50 109
118 144
74 121
30 31
63 65
14 140
31 32
29 151
115 121
90 103
64 65
26 81
85 111
45 118
65 96
14 150
79 94
156 158
1 72
15 150
119 155
91 145
44 107
6 134
66 88
97 108
24 91
80 126
52 88
105 113
101 124
98 107
81 128
44 84
92 118
96 126
77 135
70 71
84 97
79 93
24 114
99 131
45 75
86 142
44 87
19 146
13 15
31 153
4 38
20 154
24 160
9 19
90 145
29 118
27 147
125 141
122 142
35 156
65 95
109 138
120 147
0 2
28 118
11 41
33 35
71 79
78 108
51 52
5 156
84 86
28 120
109 139
37 38
16 67
40 137
107 125
8 16
65 108
0 143
39 134
0 45
73 81
56 159
50 88
73 127
63 78
34 154
13 148
121 135
95 108
69 124
57 117
40 71
90 114
7 38
63 133
107 148
27 39
15 19
17 22
56 61
151 157
105 121
98 141
11 21
106 127
73 160
51 62
53 134
102 134
157 158
33 156
20 111
84 142
105 145
87 127
90 160
54 71
4 37
131 141
36 101
147 151
110 115
76 117
119 144
92 151
99 124
144 151
10 38
77 102
22 67
74 82
42 64
20 143
15 107
79 126
9 18
8 49
76 159
64 97
11 96
60 71
19 101
9 139
154 158
127 130
45 120
43 146
14 142
105 115
125 131
5 155
45 74
98 131
149 154
1 41
66 100
13 150
134 135
47 155
27 28
0 11
94 97
30 33
79 95
4 17
1 11
83 121
93 94
101 103
8 38
13 107
116 124
3 146
74 160
75 130
124 125
33 154
80 152
27 48
49 100
1 21
28 119
24 81
54 136
86 111
0 1
32 153
33 34
92 120
93 104
44 99
149 157
34 35
57 61
20 45
29 120
79 108
111 143
17 67
24 103
82 113
57 159
40 60
132 133
28 39
42 96
61 109
74 127
54 126
22 37
74 81
43 116
14 43
84 131
5 47
36 146
151 156
58 117
5 34
53 79
4 7
30 154
95 104
64 132
76 139
34 156
98 140
99 101
28 152
10 17
101 146
73 129
94 132
99 123
78 95
64 77
72 136
124 148
6 70
81 130
61 76
132 136
101 148
13 140
8 103
53 78
53 133
100 109
95 97
80 132
50 100
16 59
55 144
44 86
7 17
29 41
61 66
14 99
33 158
62 117
87 116
45 119
17 37
73 106
42 132
65 97
14 131
124 150
15 44
56 138
53 136
45 77
31 155
108 132
88 117
88 159
31 33
125 140
82 115
81 110
106 129
97 132
36 148
9 10
42 63
46 110
14 98
17 112
51 100
5 137
3 14
58 61
72 126
31 154
15 99
15 43
102 121
6 135
92 119
107 150
110 160
22 59
54 60
48 155
15 122
28 144
78 152
30 35
75 129
115 145
39 47
62 109
58 159
39 60
35 157
33 155
14 44
40 48
14 101
22 112
65 77
124 140
56 62
18 36
27 40
104 126
29 119
28 134
78 132
16 112
53 70
99 125
65 132
113 145
64 79
83 113
32 155
102 135
95 132
69 123
73 128
8 139
30 156
51 109
34 155
129 130
35 158
107 116
62 76
96 108
91 114
133 136
23 160
155 156
56 117
106 145
61 88
80 121
8 17
17 59
63 79
4 9
91 160
151 158
62 66
73 75
3 122
105 127
7 19
11 45
53 80
34 47
3 36
131 142
122 124
144 155
74 129
13 142
93 96
138 159
83 145
43 150
80 134
5 48
32 33
83 115
44 68
53 135
25 110
13 99
5 39
33 157
11 20
81 145
79 152
6 102
106 128
55 147
57 138
27 118
13 44
125 142
122 123
47 156
16 38
82 145
77 152
74 106
55 92
34 158
51 66
92 155
11 143
123 141
69 125
45 144
8 18
42 65
118 147
30 34
51 76
12 22
31 35
116 125
120 151
87 128
45 121
93 95
42 108
21 29
105 106
97 111
82 127
88 138
98 142
13 43
57 62
92 144
123 131
68 81
79 132
25 90
93 108
36 124
67 112
114 145
88 139
63 94
1 2
0 104
64 78
147 155
99 148
149 158
13 141
74 128
78 121
9 22
81 89
1 143
22 38
4 8
35 149
101 150
75 121
115 127
113 115
63 104
62 88
31 156
30 47
15 101
2 28
19 36
29 33
39 137
13 131
29 111
58 138
29 55
121 129
28 45
49 61
78 134
105 129
68 115
99 150
3 13
51 88
98 99
96 132
35 155
80 136
7 18
107 141
32 154
8 19
13 98
52 61
106 130
77 95
68 84
29 144
81 121
80 133
30 158
73 130
104 108
45 143
34 157
45 78
72 93
3 124
61 117
6 71
52 104
18 148
85 127
6 104
26 110
122 125
30 155
9 12
122 148
146 148
65 79
6 39
14 123
1 45
33 137
128 130
89 110
43 107
