-3.921568627450980338e-01
-3.666666666666666963e-01
-3.361344537815125766e-01
-3.966942148760330689e-01
-2.913165266106442219e-01
-3.495145631067960723e-01
-2.871794871794871584e-01
-2.666666666666666630e-01
-3.149606299212598381e-01
-4.444444444444444198e-01
-4.054054054054053724e-01
-3.893805309734513220e-01
-5.128205128205127750e-01
-3.585434173669467262e-01
-2.583979328165374456e-01
-3.703703703703703498e-01
-4.482758620689655249e-01
-2.413793103448275690e-01
-2.505592841163311046e-01
-4.371584699453551215e-01
-4.183006535947711990e-01
-2.999999999999999889e-01
-4.597701149425287293e-01
-3.555555555555555136e-01
-2.907268170426065002e-01
-3.522012578616351974e-01
-4.063492063492063489e-01
-4.121212121212121104e-01
-4.102564102564102422e-01
-4.480874316939890134e-01
-3.908045977011493921e-01
-3.263403263403263366e-01
-2.091503267973855995e-01
-3.589743589743589203e-01
-3.482587064676616606e-01
-4.745762711864406347e-01
-2.043010752688171894e-01
-4.583333333333333148e-01
-3.053435114503816328e-01
-3.489096573208722019e-01
-4.743589743589743390e-01
-3.856749311294765392e-01
-4.043715846994535568e-01
-3.794037940379403340e-01
-4.369747899159663884e-01
-2.398081534772182055e-01
-1.581920903954802116e-01
-3.185840707964601726e-01
-4.197530864197530631e-01
-3.222222222222221877e-01
-4.900284900284900269e-01
-2.916666666666666297e-01
-3.548387096774193172e-01
-3.928571428571428492e-01
-3.425076452599388199e-01
-2.172839506172839497e-01
-3.661971830985915610e-01
-3.741007194244603817e-01
-4.281345565749235527e-01
-4.307692307692307931e-01
-3.728813559322033400e-01
-3.927648578811369640e-01
-3.478260869565217295e-01
-3.522012578616351974e-01
-4.789644012944983542e-01
-2.825607064017660042e-01
-2.824858757062146397e-01
-4.482758620689655249e-01
-4.929971988795518456e-01
-4.533333333333333659e-01
-4.648318042813455730e-01
-2.626262626262625965e-01
-3.864734299516908167e-01
-4.444444444444444198e-01
-4.363636363636363424e-01
-4.646464646464646409e-01
-4.205128205128204621e-01
-2.711864406779661008e-01
-3.013698630136986134e-01
-5.696969696969695907e-01
-4.523809523809523836e-01
-4.971751412429378236e-01
-5.399449035812671216e-01
-1.935483870967741882e-01
-4.858757062146892292e-01
-3.809523809523809312e-01
-1.889763779527559029e-01
-1.761006289308175987e-01
-4.482758620689655249e-01
-2.950819672131147486e-01
-2.550724637681159312e-01
-2.359882005899704982e-01
-3.866666666666666030e-01
-3.091787439613526423e-01
-2.666666666666666630e-01
-4.131455399061032541e-01
-3.655913978494623184e-01
-5.120000000000000107e-01
-3.793103448275861878e-01
-3.115264797507787953e-01
-4.478371501272264688e-01
-4.480874316939890134e-01
-3.137254901960784270e-01
-3.645083932853717124e-01
-2.153846153846153966e-01
-5.696969696969695907e-01
-2.937853107344632342e-01
-3.280423280423280241e-01
-3.300330033003300301e-01
-2.873563218390804419e-01
-3.999999999999999667e-01
-3.190883190883190834e-01
-2.962962962962962798e-01
-3.682539682539682779e-01
-4.126984126984126755e-01
-3.793103448275861878e-01
-4.210526315789473450e-01
-4.912280701754385692e-01
-3.692307692307692513e-01
-3.625730994152046582e-01
-3.310344827586206851e-01
-4.262295081967213406e-01
-4.094488188976377896e-01
-4.761904761904761640e-01
-3.142857142857142794e-01
-3.839999999999999525e-01
-4.761904761904761640e-01
-4.062500000000000000e-01
-4.033613445378150808e-01
-3.508771929824561209e-01
-3.703703703703703498e-01
-4.087591240875912413e-01
-2.706766917293232932e-01
-3.118279569892472569e-01
-3.989501312335957950e-01
-3.666666666666666963e-01
-4.580152671755725047e-01
-4.193548387096773800e-01
-4.829396325459317518e-01
-4.066193853427895744e-01
-5.470085470085469526e-01
-3.902439024390243483e-01
-4.705882352941176405e-01
-1.983471074380165344e-01
-4.946236559139784994e-01
-3.625730994152046582e-01
-4.320987654320987414e-01
-3.034482758620689613e-01
-3.428571428571428048e-01
-2.222222222222222099e-01
-1.857923497267759405e-01
-2.597402597402597157e-01
-2.711864406779661008e-01
-4.289855072463767405e-01
-3.464566929133857665e-01
-2.435897435897435570e-01
-4.043715846994535568e-01
-3.678160919540229834e-01
-2.962962962962962798e-01
-2.781774580335731328e-01
-3.999999999999999667e-01
-2.241887905604719733e-01
-2.318840579710144678e-01
-3.356643356643356779e-01
-3.617571059431524128e-01
-3.503649635036496512e-01
-3.030303030303029832e-01
-3.777777777777777679e-01
-3.960396039603960028e-01
-3.908045977011493921e-01
-2.513661202185791810e-01
-2.519685039370078705e-01
-4.270833333333333148e-01
-1.763085399449035862e-01
-2.754820936639118534e-01
-3.687943262411347289e-01
-3.954802259887005289e-01
-2.642642642642642481e-01
-4.672364672364671678e-01
-4.606060606060605744e-01
-3.522012578616351974e-01
-2.689075630252100724e-01
-3.246376811594202660e-01
-3.252032520325203180e-01
-2.105263157894736725e-01
-3.988603988603988126e-01
-3.125000000000000000e-01
-3.473389355742296791e-01
-3.278688524590163689e-01
-3.742690058479531956e-01
-3.794037940379403340e-01
-4.481792717086834910e-01
-4.444444444444444198e-01
-4.159999999999999809e-01
-2.389937106918238741e-01
-1.855072463768115965e-01
-2.903225806451612545e-01
-3.050847457627118287e-01
-1.919999999999999762e-01
-3.715846994535518810e-01
-3.413333333333333219e-01
-4.912280701754385692e-01
-4.111111111111110938e-01
-4.367816091954022650e-01
-1.999999999999999833e-01
-4.406779661016949068e-01
-2.782608695652173392e-01
-3.252032520325203180e-01
-3.880597014925373234e-01
-3.809523809523809312e-01
-3.473389355742296791e-01
-2.456140350877192846e-01
-2.500000000000000000e-01
-3.580246913580247270e-01
-2.732240437158469648e-01
-4.444444444444444198e-01
-3.733333333333333504e-01
-3.859649122807017330e-01
-4.705882352941176405e-01
-3.483483483483483245e-01
-3.541666666666666297e-01
-3.386243386243386055e-01
-4.166666666666666297e-01
-3.252032520325203180e-01
-1.981981981981981999e-01
-4.405797101449274722e-01
-4.558404558404558493e-01
-3.100775193798449569e-01
-4.084084084084083632e-01
-3.657817109144542167e-01
-4.375000000000000000e-01
-1.777777777777777568e-01
-2.995169082125603843e-01
-4.482758620689655249e-01
-4.752475247524752255e-01
-1.651917404129793487e-01
-3.086419753086419582e-01
-1.994750656167978975e-01
-2.975206611570248016e-01
-2.528735632183907733e-01
-2.929292929292929282e-01
-4.684684684684684575e-01
-3.274853801169590461e-01
-4.289855072463767405e-01
-2.222222222222222099e-01
-3.105022831050228138e-01
-2.879999999999999782e-01
-2.624671916010498651e-01
-5.233644859813083583e-01
-4.033613445378150808e-01
-3.775811209439527971e-01
-3.185840707964601726e-01
-6.666666666666666297e-01
-3.606557377049180446e-01
-4.444444444444444198e-01
-3.781094527363183522e-01
-3.678160919540229834e-01
-4.747474747474747514e-01
-2.384823848238482313e-01
-3.709273182957393278e-01
-2.787878787878787512e-01
-2.888888888888888618e-01
-2.242990654205607171e-01
-5.382262996941895583e-01
-3.239875389408099493e-01
-2.748091603053435250e-01
-4.753623188405796673e-01
-1.754385964912280604e-01
-3.076923076923077094e-01
-3.456790123456789932e-01
-4.086021505376343788e-01
-4.057971014492753881e-01
-3.130434782608695343e-01
-2.950819672131147486e-01
-3.143631436314363037e-01
-2.424242424242424310e-01
-5.222222222222221433e-01
-2.181818181818181712e-01
-3.854166666666666297e-01
-3.678160919540229834e-01
-3.825136612021857729e-01
-3.333333333333333148e-01
-3.697478991596638842e-01
-4.093567251461988077e-01
-3.103448275862068506e-01
-3.899371069182389626e-01
-3.777777777777777679e-01
-4.336043360433604055e-01
-3.514211886304909882e-01
-4.552845528455284896e-01
-4.067796610169491789e-01
-4.274809160305342859e-01
-4.236760124610591260e-01
-3.243243243243243423e-01
-4.406779661016949068e-01
-4.666666666666666186e-01
-3.854166666666666297e-01
-5.172413793103447510e-01
-4.062500000000000000e-01
-3.125000000000000000e-01
-2.358974358974358920e-01
-6.543209876543210068e-01
-4.444444444444444198e-01
-3.179487179487179294e-01
-3.645833333333333148e-01
-2.203856749311294827e-01
-2.404371584699453446e-01
-4.129793510324483163e-01
-2.754820936639118534e-01
-4.297520661157024358e-01
-2.713864306784660729e-01
-3.415977961432506427e-01
-3.775811209439527971e-01
-7.207207207207206867e-01
-2.822384428223844166e-01
-3.851851851851851305e-01
-2.935779816513761631e-01
-3.415977961432506427e-01
-3.636363636363635909e-01
-2.629107981220656920e-01
-4.262295081967213406e-01
-4.444444444444444198e-01
-3.548387096774193172e-01
-2.898550724637680709e-01
-4.483775811209439466e-01
-3.093333333333333490e-01
-4.512820512820512886e-01
-3.425076452599388199e-01
-4.119241192411924324e-01
-3.809523809523809312e-01
-4.066193853427895744e-01
-2.513661202185791810e-01
-3.473389355742296791e-01
-3.437500000000000000e-01
-3.824289405684754284e-01
-3.682539682539682779e-01
-2.242990654205607171e-01
-4.516129032258063836e-01
-2.412698412698412453e-01
-2.204724409448818867e-01
-4.307692307692307931e-01
-3.936507936507936400e-01
-2.910798122065727522e-01
-3.696369636963696692e-01
-5.285285285285284962e-01
-2.168021680216802027e-01
-3.254593175853018328e-01
-3.280423280423280241e-01
-4.341085271317829397e-01
-4.021164021164020941e-01
-2.258064516129031918e-01
-4.363636363636363424e-01
-1.696969696969696795e-01
-1.530054644808743203e-01
-3.939393939393939226e-01
-3.387978142076502608e-01
-1.792717086834733631e-01
-4.285714285714286031e-01
-2.713864306784660729e-01
-3.246376811594202660e-01
-2.507122507122506727e-01
-3.358024691358024172e-01
-2.285714285714285643e-01
-4.848484848484848619e-01
-4.590163934426229053e-01
-3.535353535353534804e-01
-3.657817109144542167e-01
-3.999999999999999667e-01
-2.095238095238095011e-01
-3.362318840579709978e-01
-3.437500000000000000e-01
-3.333333333333333148e-01
-4.236760124610591260e-01
-5.191740412979350960e-01
-1.643835616438356073e-01
-3.532763532763532610e-01
-2.893081761006289221e-01
-2.424242424242424310e-01
-3.928571428571428492e-01
-2.754820936639118534e-01
-5.781710914454276651e-01
-1.693121693121693028e-01
-3.243243243243243423e-01
-2.203856749311294827e-01
-3.669724770642202039e-01
-3.709273182957393278e-01
-2.456140350877192846e-01
-4.330484330484330457e-01
-4.777777777777777457e-01
-3.508771929824561209e-01
-2.975206611570248016e-01
-4.481792717086834910e-01
-3.908045977011493921e-01
-2.314049586776859568e-01
-3.574879227053140429e-01
-2.997416020671834769e-01
-3.839999999999999525e-01
-2.168021680216802027e-01
-3.626666666666666927e-01
-3.030303030303029832e-01
-4.444444444444444198e-01
-3.757575757575757347e-01
-2.813455657492354711e-01
-4.011799410029498469e-01
-3.954022988505746516e-01
-3.061728395061728003e-01
-3.746556473829201206e-01
-5.871559633027523262e-01
-3.232323232323232043e-01
-4.330484330484330457e-01
-3.085399449035812758e-01
-3.902439024390243483e-01
-3.174603174603174427e-01
-2.687338501291989257e-01
-3.143631436314363037e-01
-2.857142857142856984e-01
-2.877697841726618577e-01
-5.333333333333333259e-01
-3.211678832116788285e-01
-2.787878787878787512e-01
-3.130434782608695343e-01
-3.692307692307692513e-01
-3.497267759562841527e-01
-4.010840108401084181e-01
-3.302752293577981835e-01
-4.187327823691460171e-01
-3.838383838383838675e-01
-4.159999999999999809e-01
-3.809523809523809312e-01
-4.895833333333333148e-01
-4.010840108401084181e-01
-3.386243386243386055e-01
-3.636363636363635909e-01
-3.606557377049180446e-01
-4.521739130434782039e-01
-3.047619047619047339e-01
-3.361344537815125766e-01
-3.111111111111111160e-01
-2.424242424242424310e-01
-3.809523809523809312e-01
-2.568807339449541427e-01
-2.666666666666666630e-01
-2.824858757062146397e-01
-4.110275689223057416e-01
-4.769647696476964627e-01
-1.666666666666666574e-01
-4.611528822055137589e-01
-3.364485981308410478e-01
-2.807017543859648967e-01
-2.494004796163069582e-01
-3.690476190476190688e-01
-4.444444444444444198e-01
-1.720430107526881580e-01
-3.238095238095237693e-01
-3.600973236009732403e-01
-3.827160493827160281e-01
-3.030303030303029832e-01
-1.839080459770114917e-01
-2.986666666666666359e-01
-3.252032520325203180e-01
-1.818181818181817955e-01
-2.849872773536895609e-01
-2.849872773536895609e-01
-3.473389355742296791e-01
-2.608695652173912971e-01
-4.555555555555555469e-01
-3.391812865497075835e-01
-4.376590330788803773e-01
-4.924924924924924952e-01
-3.870967741935483764e-01
-2.708333333333333148e-01
-4.021164021164020941e-01
-2.298850574712643646e-01
-3.440860215053763160e-01
-4.324324324324324564e-01
-2.583979328165374456e-01
-1.904761904761904656e-01
-2.181818181818181712e-01
-3.976608187134502703e-01
-3.571428571428570953e-01
-4.173913043478261198e-01
-4.330484330484330457e-01
-3.792048929663608403e-01
-3.492063492063491870e-01
-5.730027548209366550e-01
-2.920634920634920251e-01
-3.562340966921119234e-01
-3.286384976525821289e-01
-3.541666666666666297e-01
-4.558404558404558493e-01
-3.014492753623188026e-01
-3.859649122807017330e-01
-2.473118279569892497e-01
-2.839506172839506015e-01
-3.222222222222221877e-01
-2.583979328165374456e-01
-4.197530864197530631e-01
-2.473118279569892497e-01
-3.715846994535518810e-01
-2.666666666666666630e-01
