3.254120000000000914e+02 3.157894736842105088e-01 6.000000000000000000e+00 7.109000000000000341e+01 8.576465038698957155e-01 2.712020000000000763e+00
3.173849999999999909e+02 5.555555555555555802e-01 4.000000000000000000e+00 5.584000000000000341e+01 6.321619861522672634e-01 2.460220000000000518e+00
3.143460000000000605e+02 1.333333333333333315e-01 6.000000000000000000e+00 9.093000000000000682e+01 4.859482082196192598e-01 1.008219999999999450e+00
3.394390000000000214e+02 4.500000000000000111e-01 4.000000000000000000e+00 6.399000000000000199e+01 9.308321936072545544e-01 2.523120000000000474e+00
2.883509999999999991e+02 4.000000000000000222e-01 5.000000000000000000e+00 7.978000000000000114e+01 8.602232719546422102e-01 9.742399999999999949e-01
2.083250000000000171e+02 5.384615384615384359e-01 7.000000000000000000e+00 2.583999999999999986e+01 6.795336262061653088e-01 1.817399999999999682e+00
3.454279999999999973e+02 5.000000000000000000e-01 6.000000000000000000e+00 9.294000000000001194e+01 6.144357021634254679e-01 2.009799999999999809e+00
3.094159999999999968e+02 4.615384615384615641e-01 3.000000000000000000e+00 6.410999999999999943e+01 9.465345654732113534e-01 2.938520000000001353e+00
3.604640000000000555e+02 1.875000000000000000e-01 6.000000000000000000e+00 8.714000000000000057e+01 6.276520167396161254e-01 3.511800000000001809e+00
3.624079999999999586e+02 1.904761904761904656e-01 4.000000000000000000e+00 5.929000000000000625e+01 5.915612280916412447e-01 4.209740000000002702e+00
4.995220000000003324e+02 2.500000000000000000e-01 5.000000000000000000e+00 9.772999999999997556e+01 4.059296160658512620e-01 3.941000000000030035e-01
3.278120000000001255e+02 4.666666666666666741e-01 6.000000000000000000e+00 7.946000000000000796e+01 7.006650976953793242e-01 2.344100000000000072e+00
3.694850000000000705e+02 4.090909090909091161e-01 5.000000000000000000e+00 6.417000000000000171e+01 8.493419783446477522e-01 3.364400000000001612e+00
3.144529999999999745e+02 5.789473684210526550e-01 4.000000000000000000e+00 4.648000000000000398e+01 8.670208975821894759e-01 3.277800000000001823e+00
3.223969999999999914e+02 1.250000000000000000e-01 3.000000000000000000e+00 5.921000000000000796e+01 5.801876596153129340e-01 2.980800000000000338e+00
3.644500000000002160e+02 7.058823529411765163e-01 5.000000000000000000e+00 1.080499999999999972e+02 6.723668982166820518e-01 -4.374999999999977796e-01
3.174530000000000314e+02 5.789473684210526550e-01 7.000000000000000000e+00 2.614000000000000057e+01 7.597458236502854234e-01 9.884000000000006114e-01
2.483259999999999650e+02 5.000000000000000000e-01 5.000000000000000000e+00 6.128000000000000114e+01 8.240442352287231653e-01 3.361200000000001076e+00
3.975020000000001801e+02 2.399999999999999911e-01 4.000000000000000000e+00 3.590000000000000568e+01 5.060859790526824886e-01 3.024300000000000210e+00
3.714560000000000173e+02 3.333333333333333148e-01 7.000000000000000000e+00 6.144000000000000483e+01 7.288894515041897115e-01 3.721300000000002939e+00
3.001710000000001060e+02 4.615384615384615641e-01 4.000000000000000000e+00 2.910000000000000142e+01 9.095519616696310372e-01 3.047000000000001485e+00
3.223650000000000659e+02 4.666666666666666741e-01 4.000000000000000000e+00 1.133700000000000045e+02 5.824291787916999752e-01 2.247840000000000060e+00
3.878200000000001069e+02 3.333333333333333148e-01 3.000000000000000000e+00 8.372000000000001307e+01 8.030062677958145212e-01 1.922220000000000262e+00
3.624320000000000732e+02 2.500000000000000000e-01 2.000000000000000000e+00 7.570999999999999375e+01 4.931853299734936247e-01 2.080019999999999758e+00
3.677520000000001232e+02 0.000000000000000000e+00 3.000000000000000000e+00 1.029100000000000108e+02 5.967857443213868684e-01 2.674400000000001221e+00
2.372549999999999670e+02 4.166666666666666852e-01 3.000000000000000000e+00 9.723000000000000398e+01 6.387758973988861833e-01 -1.940399999999997016e+00
2.242589999999999861e+02 1.333333333333333315e-01 1.000000000000000000e+00 2.630000000000000071e+01 7.437949032251961468e-01 3.045500000000001428e+00
3.311730000000000018e+02 7.142857142857142461e-02 4.000000000000000000e+00 7.781000000000000227e+01 9.030261002504085255e-01 2.766380000000000727e+00
3.284370000000000118e+02 3.333333333333333148e-01 4.000000000000000000e+00 4.941000000000000369e+01 9.370549527511480292e-01 3.163400000000001988e+00
3.874610000000001264e+02 3.684210526315789269e-01 6.000000000000000000e+00 9.028999999999999204e+01 6.053456135108028491e-01 2.658000000000001251e+00
3.323219999999999459e+02 5.333333333333333259e-01 4.000000000000000000e+00 6.179999999999999716e+01 8.874133344166039716e-01 2.082799999999999763e+00
4.114610000000001264e+02 8.000000000000000167e-02 7.000000000000000000e+00 7.334000000000000341e+01 4.694528219813818293e-01 4.874500000000003830e+00
2.060039999999999907e+02 0.000000000000000000e+00 1.000000000000000000e+00 6.035999999999999943e+01 7.466576898062732282e-01 1.062500000000000000e+00
4.332860000000000582e+02 3.333333333333333148e-01 4.000000000000000000e+00 8.975000000000001421e+01 6.281189203111364749e-01 2.431000000000000050e+00
3.764160000000001673e+02 1.904761904761904656e-01 6.000000000000000000e+00 8.537000000000000455e+01 6.877775276361016710e-01 3.055820000000000647e+00
3.554130000000000678e+02 4.000000000000000222e-01 5.000000000000000000e+00 5.825999999999999801e+01 7.740387489343062422e-01 2.699420000000000819e+00
2.864610000000000696e+02 1.000000000000000000e+00 3.000000000000000000e+00 4.607000000000000739e+01 8.181636922347970131e-01 1.155599999999999961e+00
2.233409999999999798e+02 4.166666666666666852e-01 6.000000000000000000e+00 3.525000000000000000e+01 5.946893931341845629e-01 2.889800000000000146e+00
3.724500000000002160e+02 4.444444444444444198e-01 3.000000000000000000e+00 9.065999999999999659e+01 7.411401386938955005e-01 -1.068199999999998262e+00
2.313389999999999418e+02 5.333333333333333259e-01 2.000000000000000000e+00 2.910000000000000142e+01 8.309726287737634332e-01 3.303520000000002454e+00
2.747509999999999764e+02 1.333333333333333315e-01 3.000000000000000000e+00 3.234000000000000341e+01 9.012632787567277370e-01 4.003900000000002457e+00
3.493620000000000800e+02 2.941176470588235392e-01 5.000000000000000000e+00 9.260000000000000853e+01 7.237240360823383734e-01 2.658520000000001104e+00
3.474150000000001342e+02 5.555555555555555802e-01 4.000000000000000000e+00 7.990000000000000568e+01 8.698668660490646021e-01 1.767919999999999714e+00
3.765070000000000618e+02 2.941176470588235392e-01 7.000000000000000000e+00 7.895000000000000284e+01 6.403039357987279079e-01 3.280700000000002170e+00
3.384070000000000391e+02 2.500000000000000000e-01 6.000000000000000000e+00 5.249000000000000199e+01 7.510039393978191757e-01 3.168000000000001926e+00
3.774650000000003729e+02 6.842105263157894912e-01 5.000000000000000000e+00 8.989000000000000057e+01 5.960709554810013078e-01 4.540000000000015135e-01
2.223959999999999297e+02 1.000000000000000000e+00 3.000000000000000000e+00 1.660999999999999943e+01 7.550906005399640186e-01 2.420600000000000307e+00
2.572930000000000064e+02 3.571428571428571508e-01 4.000000000000000000e+00 7.892000000000000171e+01 9.099955149164151713e-01 2.178779999999999717e+00
3.431760000000000446e+02 4.615384615384615641e-01 5.000000000000000000e+00 2.355000000000000426e+01 8.177243900321935488e-01 3.445900000000001739e+00
3.553930000000000291e+02 2.142857142857142738e-01 6.000000000000000000e+00 1.068300000000000125e+02 7.822732906652638540e-01 1.831320000000000059e+00
3.583930000000000859e+02 2.631578947368420907e-01 5.000000000000000000e+00 7.707000000000000739e+01 7.971327202955519331e-01 1.199000000000025601e-01
3.554190000000001532e+02 1.666666666666666574e-01 6.000000000000000000e+00 8.803000000000000114e+01 7.766669091273056269e-01 8.024999999999997691e-01
3.624550000000000978e+02 4.117647058823529216e-01 4.000000000000000000e+00 8.429999999999999716e+01 9.031753609082852075e-01 2.155420000000000336e+00
3.127480000000000473e+02 4.666666666666666741e-01 3.000000000000000000e+00 6.923000000000000398e+01 8.667941758275148345e-01 1.907699999999999729e+00
2.232749999999999773e+02 2.000000000000000111e-01 1.000000000000000000e+00 2.996000000000000085e+01 7.435055662608807125e-01 2.994300000000001738e+00
3.535160000000001901e+02 8.750000000000000000e-01 7.000000000000000000e+00 7.714000000000001478e+01 6.963750045981246251e-01 4.538000000000004253e-01
4.899100000000000819e+02 9.090909090909091161e-02 6.000000000000000000e+00 7.270000000000000284e+01 3.499709587137198596e-01 5.732300000000003060e+00
4.285400000000002478e+02 3.599999999999999867e-01 3.000000000000000000e+00 7.970000000000000284e+01 5.309638065314886690e-01 4.120220000000002436e+00
2.733559999999999945e+02 3.125000000000000000e-01 7.000000000000000000e+00 6.893000000000000682e+01 7.437041302042043389e-01 1.177300000000000679e+00
4.468440000000002215e+02 1.499999999999999944e-01 6.000000000000000000e+00 1.052000000000000171e+02 6.228410986819327144e-01 2.433900000000000396e+00
3.337750000000000909e+02 2.500000000000000000e-01 3.000000000000000000e+00 9.023000000000000398e+01 8.425885365322912657e-01 2.629220000000001001e+00
3.905480000000002292e+02 6.818181818181817677e-01 5.000000000000000000e+00 5.523999999999999488e+01 8.056700715662495904e-01 1.842800000000001326e+00
2.833310000000000173e+02 2.500000000000000000e-01 4.000000000000000000e+00 7.195000000000000284e+01 8.757062121307245262e-01 2.802320000000000810e+00
3.012230000000000700e+02 5.714285714285713969e-01 5.000000000000000000e+00 1.660999999999999943e+01 8.581850079225358252e-01 3.402800000000002711e+00
2.692909999999999968e+02 5.000000000000000000e-01 4.000000000000000000e+00 3.832999999999999829e+01 9.107902853108937880e-01 3.251000000000001222e+00
4.475390000000002715e+02 4.799999999999999822e-01 3.000000000000000000e+00 9.925999999999999091e+01 7.288469453585439961e-01 2.425699999999999967e+00
2.913559999999999945e+02 2.307692307692307820e-01 5.000000000000000000e+00 8.604999999999999716e+01 9.146923590273784432e-01 2.610920000000001018e+00
3.344160000000000537e+02 6.111111111111111605e-01 6.000000000000000000e+00 6.003000000000000114e+01 8.669922603551637463e-01 2.282899999999999707e+00
4.233210000000001401e+02 1.578947368421052544e-01 6.000000000000000000e+00 6.045000000000000284e+01 5.834977904588555253e-01 5.315300000000003244e+00
2.352329999999999757e+02 7.692307692307692735e-02 2.000000000000000000e+00 3.525000000000000000e+01 8.062153719212699077e-01 3.647720000000001406e+00
3.074590000000000600e+02 5.882352941176470784e-01 6.000000000000000000e+00 2.953999999999999915e+01 7.547690983868645676e-01 3.365520000000001843e+00
3.554480000000000359e+02 6.250000000000000000e-02 4.000000000000000000e+00 7.132000000000000739e+01 5.841425084224988185e-01 3.841000000000001968e+00
4.355280000000000769e+02 4.166666666666666852e-01 5.000000000000000000e+00 1.034300000000000068e+02 6.666215416927284698e-01 2.001519999999999300e+00
3.738650000000001228e+02 2.777777777777777901e-01 3.000000000000000000e+00 7.320000000000000284e+01 8.866899487115178502e-01 3.881620000000002513e+00
3.114220000000000255e+02 5.625000000000000000e-01 6.000000000000000000e+00 4.932999999999999829e+01 8.487799689221381394e-01 3.039600000000000968e+00
4.115050000000002228e+02 2.307692307692307820e-01 6.000000000000000000e+00 7.414999999999999147e+01 5.599268395121339559e-01 5.530780000000004470e+00
4.118930000000001996e+02 2.380952380952380820e-01 5.000000000000000000e+00 7.674000000000000909e+01 6.829602605523794612e-01 3.839700000000002333e+00
3.142400000000000659e+02 4.285714285714285476e-01 5.000000000000000000e+00 5.835000000000000142e+01 9.217756417752110965e-01 3.081600000000000783e+00
4.254440000000000737e+02 1.199999999999999956e-01 5.000000000000000000e+00 1.035099999999999909e+02 5.080772722448371193e-01 -1.686899999999994959e+00
3.474780000000001223e+02 6.500000000000000222e-01 3.000000000000000000e+00 2.679000000000000625e+01 8.412001412853120641e-01 2.840700000000000891e+00
3.163819999999999482e+02 2.500000000000000000e-01 4.000000000000000000e+00 5.376000000000000512e+01 8.688545588894435179e-01 2.376900000000000901e+00
3.544060000000000628e+02 2.999999999999999889e-01 5.000000000000000000e+00 7.666000000000001080e+01 8.093135359331897760e-01 2.557700000000000529e+00
4.004740000000002738e+02 3.636363636363636465e-01 6.000000000000000000e+00 7.186999999999999034e+01 6.461251687343860794e-01 1.657999999999999030e+00
3.034039999999999964e+02 9.230769230769231282e-01 3.000000000000000000e+00 8.203000000000000114e+01 5.668730221525000168e-01 6.794999999999995488e-01
3.884890000000000896e+02 2.500000000000000000e-01 7.000000000000000000e+00 8.450000000000000000e+01 6.995694576366715545e-01 4.099220000000002528e+00
3.013370000000000459e+02 5.000000000000000000e-01 7.000000000000000000e+00 6.239000000000000057e+01 6.785082600779617223e-01 2.652000000000000135e+00
2.975310000000000059e+02 1.000000000000000000e+00 5.000000000000000000e+00 2.429000000000000270e+01 7.594458446230462068e-01 5.160000000000024567e-01
1.862069999999999936e+02 7.777777777777777901e-01 2.000000000000000000e+00 5.260000000000000853e+01 5.969667589905004457e-01 7.486999999999999211e-01
3.404080000000000723e+02 2.352941176470588203e-01 3.000000000000000000e+00 8.522999999999998977e+01 8.993751009224543180e-01 2.653080000000000993e+00
3.204580000000001405e+02 6.470588235294117974e-01 5.000000000000000000e+00 4.243000000000000682e+01 8.340436112046798467e-01 3.369000000000002437e+00
2.663659999999999286e+02 5.384615384615384359e-01 2.000000000000000000e+00 5.343000000000000682e+01 8.288677233322524485e-01 1.694020000000000081e+00
2.333400000000000318e+02 2.500000000000000000e-01 3.000000000000000000e+00 4.178999999999999915e+01 3.940394462992052316e-01 -8.669999999999933316e-02
2.451729999999999166e+02 5.000000000000000000e-01 2.000000000000000000e+00 1.660999999999999943e+01 8.244960971861565735e-01 2.955900000000000638e+00
4.204910000000001560e+02 4.545454545454545581e-02 5.000000000000000000e+00 7.357999999999999829e+01 4.627932587432442846e-01 3.711500000000001798e+00
3.184010000000000105e+02 5.625000000000000000e-01 3.000000000000000000e+00 7.490999999999999659e+01 7.515840047969870596e-01 -1.135079999999996758e+00
4.785450000000002433e+02 1.923076923076923184e-01 6.000000000000000000e+00 6.873000000000000398e+01 4.027843149251619237e-01 4.674000000000004817e+00
3.573959999999999582e+02 6.111111111111111605e-01 4.000000000000000000e+00 4.276999999999999602e+01 8.581424209603992770e-01 1.518999999999999684e+00
4.418750000000002274e+02 2.857142857142856984e-01 5.000000000000000000e+00 1.036699999999999875e+02 7.183015739614396766e-01 2.897340000000001581e+00
3.054020000000001005e+02 5.000000000000000000e-01 4.000000000000000000e+00 6.587999999999999545e+01 6.961564632556924703e-01 -5.962999999999976097e-01
3.196060000000000514e+02 4.166666666666666852e-01 5.000000000000000000e+00 5.215999999999999659e+01 9.075865643835466789e-01 2.679000000000000270e+00
4.234880000000001701e+02 3.750000000000000000e-01 4.000000000000000000e+00 6.093000000000000682e+01 7.591957581157783297e-01 2.467220000000000191e+00
3.915120000000001141e+02 5.000000000000000000e-01 5.000000000000000000e+00 5.446000000000000085e+01 8.162324210488226539e-01 4.503400000000003622e+00
3.043500000000000227e+02 4.000000000000000222e-01 6.000000000000000000e+00 8.221999999999999886e+01 6.551974584668615043e-01 2.824540000000000717e+00
4.545770000000002256e+02 2.727272727272727071e-01 5.000000000000000000e+00 1.034199999999999875e+02 5.500987063679868561e-01 2.820700000000001317e+00
3.385010000000000900e+02 6.875000000000000000e-01 7.000000000000000000e+00 5.629000000000000625e+01 5.680136722212077993e-01 6.871100000000007757e-01
3.788810000000000855e+02 2.777777777777777901e-01 4.000000000000000000e+00 6.648000000000000398e+01 8.864779021632068767e-01 3.369520000000001403e+00
3.023790000000000191e+02 4.000000000000000222e-01 3.000000000000000000e+00 6.998000000000000398e+01 8.804194119022740184e-01 1.997489999999999988e+00
3.434550000000000978e+02 5.000000000000000000e-01 4.000000000000000000e+00 7.628000000000000114e+01 7.772385205327484448e-01 1.071240000000000414e+00
1.912979999999999734e+02 5.000000000000000000e-01 4.000000000000000000e+00 1.985000000000000142e+01 7.517481256700625503e-01 9.783999999999996033e-01
3.163790000000000759e+02 5.384615384615384359e-01 6.000000000000000000e+00 1.007500000000000000e+02 6.310425933045303859e-01 1.553799999999999848e+00
4.495740000000003533e+02 5.000000000000000000e-01 4.000000000000000000e+00 6.512000000000000455e+01 6.260211681643753634e-01 4.719540000000003843e+00
2.873629999999999995e+02 3.750000000000000000e-01 5.000000000000000000e+00 6.715000000000000568e+01 8.878381711992542336e-01 2.569200000000000816e+00
2.502590000000000146e+02 5.000000000000000000e-01 4.000000000000000000e+00 1.660999999999999943e+01 7.912072628376494166e-01 2.710920000000000663e+00
3.452040000000000646e+02 4.615384615384615641e-01 1.000000000000000000e+00 4.795000000000000284e+01 7.685646042295100067e-01 1.383699999999999930e+00
3.664850000000001273e+02 3.636363636363636465e-01 7.000000000000000000e+00 7.662999999999999545e+01 6.758132350304482117e-01 7.342000000000019622e-01
3.164050000000000296e+02 4.117647058823529216e-01 4.000000000000000000e+00 5.927000000000000313e+01 9.426297280241165977e-01 2.746620000000000950e+00
3.194250000000000114e+02 2.352941176470588203e-01 5.000000000000000000e+00 3.523000000000000398e+01 6.528080222938121846e-01 1.923699999999999521e+00
3.413630000000001132e+02 2.631578947368420907e-01 5.000000000000000000e+00 8.485999999999999943e+01 8.160703050590956131e-01 2.424920000000000186e+00
3.874840000000001510e+02 5.999999999999999778e-01 7.000000000000000000e+00 8.459000000000000341e+01 7.217209107535369483e-01 2.576520000000001254e+00
3.023990000000000578e+02 2.500000000000000000e-01 2.000000000000000000e+00 6.340000000000000568e+01 8.675798366693923125e-01 2.717120000000000424e+00
4.654910000000002128e+02 2.272727272727272652e-01 5.000000000000000000e+00 1.434099999999999966e+02 2.210113112316093309e-01 3.911800000000003052e+00
3.523900000000000432e+02 2.500000000000000000e-01 6.000000000000000000e+00 7.698999999999999488e+01 6.385788488090718973e-01 2.552599999999999980e+00
3.815000000000001137e+02 4.090909090909091161e-01 5.000000000000000000e+00 6.674000000000000909e+01 8.281017721446726210e-01 1.674920000000000408e+00
3.153880000000000337e+02 3.684210526315789269e-01 5.000000000000000000e+00 4.149000000000000199e+01 8.866721939047231826e-01 3.533300000000002328e+00
4.344660000000001219e+02 5.238095238095238360e-01 4.000000000000000000e+00 6.884000000000000341e+01 6.206489786803384145e-01 4.078240000000003640e+00
4.065330000000001291e+02 3.333333333333333148e-01 6.000000000000000000e+00 8.430000000000001137e+01 6.811220622889400111e-01 3.226020000000001886e+00
3.925920000000001551e+02 4.166666666666666852e-01 4.000000000000000000e+00 1.092000000000000171e+01 7.307530939362001376e-01 3.270800000000002150e+00
3.754280000000001678e+02 2.272727272727272652e-01 4.000000000000000000e+00 7.528999999999999204e+01 7.085530024939717952e-01 3.486400000000002386e+00
3.293999999999999773e+02 4.444444444444444198e-01 6.000000000000000000e+00 5.659000000000000341e+01 8.175939962927639693e-01 2.783900000000000929e+00
2.813319999999999368e+02 5.714285714285713969e-01 7.000000000000000000e+00 7.821000000000000796e+01 4.597022715107675350e-01 1.024419999999999664e+00
3.514310000000001537e+02 2.105263157894736725e-01 4.000000000000000000e+00 6.410999999999999943e+01 7.606513880614108603e-01 4.308900000000002173e+00
4.254880000000001701e+02 1.538461538461538547e-01 4.000000000000000000e+00 7.442999999999999261e+01 4.966059773766839380e-01 4.725700000000002454e+00
3.284190000000001532e+02 2.380952380952380820e-01 3.000000000000000000e+00 4.221999999999999886e+01 6.124156383803063264e-01 4.210040000000002891e+00
3.184170000000001437e+02 6.666666666666666297e-01 3.000000000000000000e+00 6.266000000000001080e+01 9.203495662752458895e-01 1.650200000000000111e+00
3.634650000000000887e+02 3.809523809523809312e-01 4.000000000000000000e+00 5.374000000000000199e+01 7.152480259235510784e-01 2.810700000000001531e+00
3.548369999999999891e+02 3.750000000000000000e-01 6.000000000000000000e+00 6.339000000000000057e+01 7.390851155614719392e-01 1.702800000000000979e+00
4.355200000000002092e+02 3.846153846153846367e-01 7.000000000000000000e+00 7.998000000000000398e+01 5.960414631772604777e-01 4.372240000000004123e+00
3.684330000000001064e+02 3.333333333333333148e-01 7.000000000000000000e+00 6.468000000000000682e+01 6.428371398429320038e-01 3.082800000000001539e+00
4.863950000000000387e+02 2.380952380952380820e-01 6.000000000000000000e+00 8.615999999999999659e+01 6.398715468571120057e-01 4.189100000000002488e+00
4.654620000000003301e+02 2.500000000000000000e-01 6.000000000000000000e+00 1.222999999999999687e+02 5.554586428155661171e-01 2.654800000000000715e+00
4.249250000000000682e+02 3.499999999999999778e-01 5.000000000000000000e+00 6.648000000000000398e+01 7.910877630356494272e-01 3.899700000000002831e+00
3.343940000000001191e+02 1.904761904761904656e-01 2.000000000000000000e+00 3.610000000000000142e+01 7.334135013854213847e-01 4.544920000000002958e+00
3.574990000000000236e+02 4.500000000000000111e-01 5.000000000000000000e+00 4.276999999999999602e+01 8.570278886427300513e-01 1.805399999999999450e+00
2.883689999999999714e+02 8.333333333333333703e-01 4.000000000000000000e+00 7.476000000000000512e+01 7.081153639690254131e-01 -3.555999999999985839e-01
4.315140000000001805e+02 3.333333333333333148e-01 7.000000000000000000e+00 9.601999999999999602e+01 7.258724069649332700e-01 2.320200000000000706e+00
2.733159999999999741e+02 3.571428571428571508e-01 3.000000000000000000e+00 7.631000000000000227e+01 6.870843768440887400e-01 2.120999999999999552e+00
4.051300000000002797e+02 5.333333333333333259e-01 3.000000000000000000e+00 2.953999999999999915e+01 7.474062426049153940e-01 4.381500000000003503e+00
4.304240000000002055e+02 9.090909090909091161e-02 6.000000000000000000e+00 1.321700000000000159e+02 3.311680227513677521e-01 4.735720000000003260e+00
4.164570000000001642e+02 1.250000000000000000e-01 5.000000000000000000e+00 8.756000000000000227e+01 5.224135288592818283e-01 2.718720000000000248e+00
3.084890000000000327e+02 1.000000000000000000e+00 4.000000000000000000e+00 7.098000000000000398e+01 7.762377548518976100e-01 1.637000000000015110e-01
2.813120000000000118e+02 5.384615384615384359e-01 4.000000000000000000e+00 8.806999999999999318e+01 7.051823490649541393e-01 -4.765999999999985803e-01
4.644470000000001164e+02 1.600000000000000033e-01 5.000000000000000000e+00 6.129999999999999716e+01 3.932475143810976181e-01 4.120700000000002916e+00
2.562409999999999854e+02 1.538461538461538547e-01 3.000000000000000000e+00 8.717000000000000171e+01 8.435701894512148691e-01 1.977999999999997538e-01
3.514490000000001828e+02 3.125000000000000000e-01 4.000000000000000000e+00 6.368000000000000682e+01 6.272448529727066013e-01 3.060220000000001939e+00
3.534460000000000264e+02 3.499999999999999778e-01 6.000000000000000000e+00 8.770000000000000284e+01 6.894248520167117755e-01 1.596900000000000430e+00
1.762189999999999941e+02 4.000000000000000222e-01 2.000000000000000000e+00 4.199000000000000199e+01 7.371796324363282249e-01 1.282219999999999915e+00
3.534660000000000082e+02 3.333333333333333148e-01 6.000000000000000000e+00 7.023000000000000398e+01 7.382291300082673979e-01 3.844020000000003101e+00
3.043210000000000264e+02 1.875000000000000000e-01 5.000000000000000000e+00 9.558000000000001251e+01 6.248452975152046784e-01 1.232199999999999962e+00
3.685230000000000814e+02 6.111111111111111605e-01 6.000000000000000000e+00 8.490999999999999659e+01 7.592057037307368139e-01 3.376400000000031598e-01
3.815280000000001905e+02 5.238095238095238360e-01 6.000000000000000000e+00 6.490000000000000568e+01 6.924197089040627917e-01 1.019139999999999713e+00
3.788410000000000650e+02 2.500000000000000000e-01 6.000000000000000000e+00 1.080200000000000102e+02 7.985185808577446309e-01 3.207000000000001627e+00
2.598260000000000218e+02 6.666666666666666297e-01 4.000000000000000000e+00 1.646999999999999886e+01 8.391150299255321077e-01 1.556700000000000639e+00
2.533459999999999184e+02 8.461538461538461453e-01 2.000000000000000000e+00 6.542000000000000171e+01 7.898854704065627619e-01 1.972669999999999702e+00
4.474910000000002128e+02 2.800000000000000266e-01 3.000000000000000000e+00 8.762000000000000455e+01 5.219151312446803637e-01 2.847920000000001117e+00
3.795290000000001100e+02 3.181818181818181768e-01 3.000000000000000000e+00 4.028999999999999915e+01 6.191725452265741669e-01 5.128700000000003811e+00
4.345220000000001619e+02 5.263157894736841813e-01 6.000000000000000000e+00 1.183299999999999841e+02 6.610454503395095660e-01 1.132799999999999141e+00
2.362209999999999752e+02 8.333333333333332871e-02 3.000000000000000000e+00 3.753000000000000114e+01 6.547377315979346912e-01 3.393900000000001249e+00
3.274730000000001269e+02 4.210526315789473450e-01 5.000000000000000000e+00 3.692000000000000171e+01 9.005423798387255374e-01 2.677300000000000679e+00
2.626730000000000018e+02 4.545454545454545303e-01 6.000000000000000000e+00 3.553000000000000114e+01 7.240308261160243175e-01 4.106100000000003192e+00
2.923380000000000223e+02 1.111111111111111049e-01 3.000000000000000000e+00 4.941000000000000369e+01 6.982611970469470020e-01 2.710400000000000809e+00
2.642880000000000109e+02 0.000000000000000000e+00 3.000000000000000000e+00 7.380000000000001137e+01 7.862006749868803990e-01 2.033199999999999896e+00
3.054460000000000832e+02 7.647058823529411242e-01 5.000000000000000000e+00 4.262000000000000455e+01 8.281084439070580672e-01 1.546599999999999309e+00
4.195060000000001423e+02 4.736842105263157632e-01 5.000000000000000000e+00 9.165999999999999659e+01 6.816546950794550863e-01 1.314200000000000035e+00
2.554059999999999206e+02 9.285714285714286031e-01 4.000000000000000000e+00 5.239000000000000057e+01 6.598975553863614119e-01 -1.075799999999996537e+00
3.193719999999999573e+02 6.428571428571429047e-01 3.000000000000000000e+00 3.692000000000000171e+01 9.069564004830693582e-01 1.852099999999999635e+00
4.474880000000004543e+02 6.818181818181817677e-01 5.000000000000000000e+00 1.124000000000000057e+02 5.415594780645044404e-01 2.652400000000000979e+00
3.879139999999999873e+02 3.333333333333333148e-01 7.000000000000000000e+00 8.815999999999999659e+01 7.630581874185003999e-01 2.398140000000000605e+00
3.112440000000000282e+02 2.857142857142856984e-01 2.000000000000000000e+00 2.023000000000000043e+01 8.722546488643049267e-01 4.383240000000003356e+00
3.968960000000000719e+02 2.777777777777777901e-01 7.000000000000000000e+00 9.550000000000000000e+01 6.698040100279681885e-01 2.570400000000000240e+00
2.984110000000001151e+02 2.352941176470588203e-01 3.000000000000000000e+00 4.113000000000000256e+01 8.167048155940060949e-01 4.541200000000002568e+00
2.353069999999999879e+02 4.615384615384615641e-01 2.000000000000000000e+00 7.696999999999999886e+01 6.699996943798343096e-01 1.049719999999999764e+00
2.803720000000000141e+02 7.142857142857143016e-01 5.000000000000000000e+00 7.025000000000000000e+01 8.094062394613954492e-01 1.909539999999999793e+00
2.773630000000000564e+02 5.000000000000000000e-01 2.000000000000000000e+00 4.010999999999999943e+01 8.202527602177220878e-01 1.028300000000000214e+00
3.324250000000000114e+02 4.117647058823529216e-01 5.000000000000000000e+00 6.255000000000000426e+01 9.155994122623151155e-01 2.752000000000000668e+00
2.643469999999999800e+02 9.000000000000000222e-01 5.000000000000000000e+00 1.051500000000000057e+02 6.079121025860234617e-01 -2.201399999999996915e+00
3.164010000000001241e+02 5.555555555555555802e-01 4.000000000000000000e+00 6.743000000000000682e+01 8.922097365636886268e-01 3.560900000000001064e+00
3.444390000000001351e+02 5.000000000000000000e-01 4.000000000000000000e+00 9.135999999999999943e+01 5.251397532344885821e-01 -7.521999999999762210e-02
2.952690000000000055e+02 5.882352941176470507e-02 1.000000000000000000e+00 5.931000000000000227e+01 7.506849011332692445e-01 2.764900000000000801e+00
2.893380000000000791e+02 0.000000000000000000e+00 4.000000000000000000e+00 4.692000000000000171e+01 7.469055717936887717e-01 3.524200000000001332e+00
3.033389999999999986e+02 1.333333333333333315e-01 5.000000000000000000e+00 6.943999999999999773e+01 2.769337396049454392e-01 3.681000000000001826e+00
3.895020000000001232e+02 2.777777777777777901e-01 5.000000000000000000e+00 9.821999999999999886e+01 6.438714937341393219e-01 3.952680000000002636e+00
4.343700000000002319e+02 3.750000000000000000e-01 3.000000000000000000e+00 7.174000000000000909e+01 7.460308699267980126e-01 2.921600000000001529e+00
2.984100000000000819e+02 3.888888888888888951e-01 5.000000000000000000e+00 4.932999999999999829e+01 7.739302144795763283e-01 1.764699999999999491e+00
3.745050000000002797e+02 6.190476190476190688e-01 6.000000000000000000e+00 7.187000000000000455e+01 7.015172853640404549e-01 1.237200000000000966e+00
1.903099999999999739e+02 3.846153846153846367e-01 3.000000000000000000e+00 2.764000000000000057e+01 7.574335798134621545e-01 2.338739999999999597e+00
2.413509999999999707e+02 9.285714285714286031e-01 4.000000000000000000e+00 6.035999999999999943e+01 8.126943982473602279e-01 1.585799999999999876e+00
2.933700000000000045e+02 1.666666666666666574e-01 5.000000000000000000e+00 3.907999999999999829e+01 7.773828591855812542e-01 3.801420000000002020e+00
2.813800000000000523e+02 1.176470588235294101e-01 3.000000000000000000e+00 2.996000000000000085e+01 7.295873502502291386e-01 3.851020000000002774e+00
2.653210000000000264e+02 0.000000000000000000e+00 2.000000000000000000e+00 5.156000000000000227e+01 5.261318733091351341e-01 2.506400000000000183e+00
3.333920000000000528e+02 0.000000000000000000e+00 3.000000000000000000e+00 5.572999999999999687e+01 6.409372196332662197e-01 2.716700000000001225e+00
3.264640000000001692e+02 6.500000000000000222e-01 2.000000000000000000e+00 3.678000000000000114e+01 8.514038917494786141e-01 1.623800000000000132e+00
3.244240000000000919e+02 3.499999999999999778e-01 4.000000000000000000e+00 4.157000000000000739e+01 9.371693855273018903e-01 3.387940000000002172e+00
3.253679999999999950e+02 2.777777777777777901e-01 4.000000000000000000e+00 8.032000000000000739e+01 9.032832150229754831e-01 2.242700000000000138e+00
3.323990000000000578e+02 3.888888888888888951e-01 7.000000000000000000e+00 7.270000000000000284e+01 6.803086733121149754e-01 2.137999999999999012e+00
2.714249999999999545e+02 9.333333333333333481e-01 6.000000000000000000e+00 5.717999999999999972e+01 7.916200273945310784e-01 1.308200000000000918e+00
3.433830000000000950e+02 2.222222222222222099e-01 7.000000000000000000e+00 1.026799999999999926e+02 7.157341395583879384e-01 2.053299999999999681e+00
2.883010000000000446e+02 5.454545454545454142e-01 4.000000000000000000e+00 9.987999999999999545e+01 6.818895338545289952e-01 -1.252599999999999048e+00
3.512570000000000618e+02 2.352941176470588203e-01 6.000000000000000000e+00 4.757000000000000028e+01 7.399553502650810799e-01 3.403220000000001910e+00
4.345140000000002374e+02 5.238095238095238360e-01 6.000000000000000000e+00 1.059200000000000017e+02 7.491129402750936750e-01 2.591200000000000614e+00
2.522889999999999873e+02 3.846153846153846367e-01 3.000000000000000000e+00 5.820000000000000284e+01 8.081436689141036078e-01 1.987319999999999753e+00
3.022690000000000055e+02 1.538461538461538547e-01 4.000000000000000000e+00 9.873000000000000398e+01 7.791174865652886750e-01 1.279020000000000046e+00
2.523820000000000050e+02 6.428571428571429047e-01 6.000000000000000000e+00 6.167000000000000171e+01 7.745946931549310133e-01 8.539200000000002344e-01
3.394800000000001887e+02 8.888888888888888395e-01 4.000000000000000000e+00 6.409000000000000341e+01 8.278546610261945382e-01 9.385999999999998789e-01
2.423180000000000121e+02 3.125000000000000000e-01 4.000000000000000000e+00 2.630000000000000071e+01 8.212399964335636016e-01 3.376400000000002066e+00
3.064110000000000582e+02 4.666666666666666741e-01 4.000000000000000000e+00 5.957000000000000028e+01 8.921549948315761203e-01 1.198499999999999677e+00
4.002910000000000537e+02 4.000000000000000222e-01 5.000000000000000000e+00 6.478000000000000114e+01 6.564481977492206966e-01 2.903800000000001269e+00
3.934420000000001778e+02 3.529411764705882582e-01 3.000000000000000000e+00 9.468999999999999773e+01 6.305949848563914273e-01 2.151099999999999568e+00
3.277329999999999472e+02 1.875000000000000000e-01 3.000000000000000000e+00 2.910000000000000142e+01 8.575121337172273428e-01 4.849800000000002775e+00
4.606030000000001223e+02 3.461538461538461453e-01 6.000000000000000000e+00 6.929999999999999716e+01 4.516601868213183657e-01 3.284500000000001307e+00
2.613210000000000264e+02 4.666666666666666741e-01 3.000000000000000000e+00 5.539999999999999858e+01 8.486809050522278186e-01 2.210619999999999585e+00
3.544940000000001419e+02 6.363636363636363535e-01 5.000000000000000000e+00 4.941000000000000369e+01 8.827567049022233547e-01 3.187900000000001732e+00
3.614910000000000991e+02 5.000000000000000000e-01 3.000000000000000000e+00 6.662000000000000455e+01 7.633627156836677585e-01 -4.789999999999963176e-01
2.863310000000000173e+02 3.125000000000000000e-01 3.000000000000000000e+00 5.249000000000000909e+01 9.415487067387453557e-01 2.287300000000000111e+00
3.434520000000000550e+02 3.888888888888888951e-01 3.000000000000000000e+00 6.230000000000000426e+01 9.250125176038221930e-01 3.656000000000002359e+00
3.683960000000001287e+02 4.545454545454545581e-02 4.000000000000000000e+00 7.697000000000001307e+01 5.050664251003984528e-01 4.507200000000004536e+00
3.163610000000000468e+02 3.750000000000000000e-01 3.000000000000000000e+00 9.063000000000000966e+01 8.094516605228233574e-01 2.588119999999999976e+00
3.434720000000000937e+02 4.210526315789473450e-01 3.000000000000000000e+00 4.276999999999999602e+01 8.911211219051801136e-01 1.717599999999999794e+00
3.373389999999999986e+02 1.176470588235294101e-01 6.000000000000000000e+00 1.029499999999999886e+02 5.481874045037098409e-01 2.147999999999999687e+00
3.268240000000000123e+02 2.666666666666666630e-01 5.000000000000000000e+00 3.234000000000000341e+01 9.106256243325928645e-01 3.573300000000002363e+00
2.953040000000000873e+02 5.000000000000000000e-01 3.000000000000000000e+00 4.085999999999999943e+01 8.255698883819537759e-01 4.461980000000003166e+00
4.650000000000002842e+02 2.000000000000000111e-01 7.000000000000000000e+00 1.070799999999999841e+02 5.113405352709867735e-01 4.010620000000002072e+00
2.373709999999999809e+02 8.461538461538461453e-01 5.000000000000000000e+00 4.732000000000000028e+01 8.362166000905443264e-01 1.198799999999999644e+00
3.884310000000001537e+02 1.904761904761904656e-01 4.000000000000000000e+00 1.055599999999999881e+02 5.578201029346543383e-01 3.323220000000001839e+00
3.524560000000001310e+02 5.882352941176470784e-01 5.000000000000000000e+00 7.571000000000000796e+01 8.113735177513928809e-01 1.420799999999999619e+00
3.246050000000000182e+02 7.142857142857142461e-02 2.000000000000000000e+00 2.910000000000000142e+01 8.547473923815456232e-01 4.663220000000001697e+00
2.313019999999999925e+02 5.714285714285713969e-01 1.000000000000000000e+00 5.425999999999999801e+01 6.410272654364584932e-01 1.565500000000000114e+00
2.544189999999999827e+02 5.714285714285713969e-01 6.000000000000000000e+00 4.471000000000000085e+01 8.284897691810134690e-01 1.962739999999999929e+00
3.284340000000000828e+02 7.333333333333332815e-01 4.000000000000000000e+00 7.604000000000000625e+01 7.365260101629552691e-01 1.728299999999999725e+00
2.792989999999999782e+02 0.000000000000000000e+00 3.000000000000000000e+00 6.715000000000000568e+01 7.243758788085999933e-01 2.830200000000000493e+00
2.343229999999998938e+02 6.923076923076922906e-01 3.000000000000000000e+00 5.162000000000000455e+01 8.190851257192124368e-01 3.174999999999998934e-01
3.874250000000001819e+02 2.500000000000000000e-01 5.000000000000000000e+00 1.306899999999999977e+02 4.752541590795625326e-01 -7.468000000000007965e-02
3.033580000000001178e+02 5.294117647058823595e-01 5.000000000000000000e+00 6.462999999999999545e+01 8.495235241451475350e-01 2.761000000000001009e+00
3.362330000000000041e+02 3.333333333333333148e-01 4.000000000000000000e+00 4.692000000000000171e+01 9.292883749835540996e-01 3.471520000000001716e+00
3.704270000000000778e+02 2.000000000000000111e-01 6.000000000000000000e+00 8.931000000000000227e+01 4.775117925880271730e-01 3.495300000000002072e+00
3.394710000000000036e+02 3.333333333333333148e-01 5.000000000000000000e+00 6.339000000000000057e+01 7.093029995106505670e-01 2.106899999999999995e+00
4.476040000000004397e+02 7.826086956521739468e-01 7.000000000000000000e+00 8.621000000000000796e+01 5.776624999101853675e-01 -6.542999999999936644e-01
3.324330000000001064e+02 5.999999999999999778e-01 7.000000000000000000e+00 7.762999999999999545e+01 7.883638584182323106e-01 2.511300000000000310e+00
3.314369999999999550e+02 4.444444444444444198e-01 4.000000000000000000e+00 5.539999999999999858e+01 8.554331748210696196e-01 3.669200000000002682e+00
3.033329999999999700e+02 2.352941176470588203e-01 6.000000000000000000e+00 4.756000000000000227e+01 8.923352255742580397e-01 2.918000000000001037e+00
3.484280000000000541e+02 3.750000000000000000e-01 5.000000000000000000e+00 7.562999999999999545e+01 8.126282050419614267e-01 1.384600000000000275e+00
3.093700000000000045e+02 3.076923076923077094e-01 5.000000000000000000e+00 8.582999999999999829e+01 8.278015238408896748e-01 2.311099999999999710e+00
2.653329999999999700e+02 5.000000000000000000e-01 3.000000000000000000e+00 7.517000000000000171e+01 7.254994324190955357e-01 1.024000000000001576e-01
4.082810000000002333e+02 3.499999999999999778e-01 5.000000000000000000e+00 4.800000000000000000e+01 6.886473033194822069e-01 4.398800000000004040e+00
3.314160000000001673e+02 5.555555555555555802e-01 3.000000000000000000e+00 8.167000000000000171e+01 7.953778083325147019e-01 2.412300000000000111e+00
3.053780000000000427e+02 5.000000000000000000e-01 7.000000000000000000e+00 7.946000000000000796e+01 7.174675863890418448e-01 1.724099999999999744e+00
4.374430000000000973e+02 4.000000000000000222e-01 6.000000000000000000e+00 8.012000000000000455e+01 7.318129244106967857e-01 3.914700000000002511e+00
3.064060000000000628e+02 5.882352941176470784e-01 5.000000000000000000e+00 4.201000000000000512e+01 8.396780462438466763e-01 2.954900000000001192e+00
4.549290000000002010e+02 2.800000000000000266e-01 7.000000000000000000e+00 6.255000000000000426e+01 5.113098879042921041e-01 5.514600000000005053e+00
2.773880000000000337e+02 6.875000000000000000e-01 3.000000000000000000e+00 3.789000000000000057e+01 9.067101776845239991e-01 1.400399999999999867e+00
4.048530000000001223e+02 4.347826086956521618e-02 4.000000000000000000e+00 6.032999999999999829e+01 5.256403126071756970e-01 4.905000000000003801e+00
3.001560000000000059e+02 3.636363636363636465e-01 3.000000000000000000e+00 7.109000000000000341e+01 6.570746085984427998e-01 1.554799999999999516e+00
2.623120000000000118e+02 5.882352941176470507e-02 3.000000000000000000e+00 3.501000000000000512e+01 7.076081126202995453e-01 4.244320000000003645e+00
1.852469999999999857e+02 8.888888888888888395e-01 2.000000000000000000e+00 5.493999999999999773e+01 5.484769444251612613e-01 -1.525199999999999001e+00
3.748170000000001210e+02 2.500000000000000000e-01 7.000000000000000000e+00 6.183000000000001251e+01 6.841810066320365147e-01 4.044200000000003570e+00
3.461680000000000632e+02 5.000000000000000000e-01 0.000000000000000000e+00 4.243000000000000682e+01 5.354286483739731928e-01 2.457700000000000884e+00
3.454710000000000605e+02 6.111111111111111605e-01 5.000000000000000000e+00 6.923000000000000398e+01 9.004999502788496590e-01 2.011800000000000033e+00
3.404230000000000587e+02 2.999999999999999889e-01 5.000000000000000000e+00 6.742999999999999261e+01 8.222828391719660956e-01 3.036120000000001262e+00
2.263049999999999784e+02 6.666666666666666297e-01 1.000000000000000000e+00 6.188000000000000256e+01 7.680503110712544323e-01 7.706999999999999407e-01
1.902860000000000298e+02 5.384615384615384359e-01 1.000000000000000000e+00 2.023000000000000043e+01 6.745916281744064324e-01 3.095200000000001950e+00
2.597119999999999891e+02 1.333333333333333315e-01 2.000000000000000000e+00 4.012999999999999545e+01 8.318350006992234480e-01 2.987340000000001439e+00
4.364190000000001532e+02 5.999999999999999778e-01 3.000000000000000000e+00 4.523000000000000398e+01 7.391509395345091660e-01 4.970100000000004847e+00
3.324940000000000282e+02 2.941176470588235392e-01 7.000000000000000000e+00 4.199000000000000199e+01 7.819111567049109590e-01 3.859200000000002184e+00
3.572479999999999905e+02 4.666666666666666741e-01 5.000000000000000000e+00 7.843000000000000682e+01 7.570624285722292734e-01 2.353619999999999823e+00
3.033860000000001378e+02 5.625000000000000000e-01 5.000000000000000000e+00 9.045000000000000284e+01 6.839497644386833830e-01 -4.987199999999984978e-01
3.184170000000000869e+02 6.666666666666666297e-01 5.000000000000000000e+00 6.045000000000000284e+01 9.066888473160402695e-01 2.832700000000001772e+00
2.243289999999999225e+02 6.363636363636363535e-01 2.000000000000000000e+00 3.320000000000000284e+01 7.735936916856430701e-01 2.828700000000001324e+00
3.664410000000000878e+02 2.857142857142856984e-01 4.000000000000000000e+00 5.524000000000000199e+01 8.685613842659793971e-01 1.861099999999999532e+00
2.181779999999999404e+02 6.666666666666666297e-01 0.000000000000000000e+00 4.178999999999999915e+01 6.135647924292692013e-01 2.118599999999999817e+00
3.664170000000000300e+02 3.333333333333333148e-01 4.000000000000000000e+00 9.507000000000000739e+01 8.173846571326766064e-01 3.710000000000022169e-01
3.218079999999999927e+02 3.750000000000000000e-01 5.000000000000000000e+00 6.715999999999999659e+01 8.864111936412638615e-01 3.413420000000002119e+00
3.648130000000000450e+02 3.750000000000000000e-01 3.000000000000000000e+00 9.454999999999999716e+01 6.695444763193688642e-01 2.978800000000000558e+00
2.602589999999999577e+02 4.166666666666666852e-01 3.000000000000000000e+00 4.113000000000000256e+01 8.557283660522323476e-01 3.625400000000001732e+00
3.672610000000000809e+02 1.333333333333333315e-01 4.000000000000000000e+00 5.981000000000000227e+01 7.498231098780019366e-01 4.255420000000001757e+00
3.592230000000000700e+02 1.764705882352941291e-01 3.000000000000000000e+00 4.941000000000000369e+01 8.537991334304375624e-01 3.501520000000001076e+00
3.623570000000001983e+02 7.333333333333332815e-01 6.000000000000000000e+00 2.908000000000000185e+01 8.400231488188054652e-01 2.114200000000000301e+00
2.463099999999999454e+02 4.285714285714285476e-01 2.000000000000000000e+00 4.062000000000000455e+01 5.760712996082291149e-01 9.517199999999998994e-01
3.892530000000000996e+02 2.941176470588235392e-01 2.000000000000000000e+00 7.025000000000000000e+01 7.734804706334628133e-01 2.914920000000000400e+00
3.544540000000002351e+02 4.500000000000000111e-01 7.000000000000000000e+00 6.734999999999999432e+01 7.745690450621057765e-01 2.900200000000000777e+00
3.664460000000000264e+02 2.631578947368420907e-01 4.000000000000000000e+00 6.821000000000000796e+01 7.037103835698744758e-01 3.728200000000002845e+00
3.634610000000000696e+02 3.636363636363636465e-01 6.000000000000000000e+00 7.635999999999999943e+01 7.664505602884912339e-01 3.806180000000003005e+00
3.374040000000001100e+02 1.666666666666666574e-01 5.000000000000000000e+00 7.881000000000000227e+01 7.750628860676468390e-01 1.521160000000000068e+00
4.316310000000001992e+02 5.714285714285713969e-01 7.000000000000000000e+00 6.136000000000000654e+01 6.744484159192686290e-01 3.719200000000002504e+00
3.356620000000001482e+02 5.000000000000000000e-01 1.000000000000000000e+00 2.355000000000000071e+01 7.350813655813245306e-01 3.322240000000002524e+00
2.474059999999999491e+02 6.250000000000000000e-01 4.000000000000000000e+00 3.046000000000000085e+01 8.365164740067679849e-01 1.923899999999999944e+00
3.593820000000001187e+02 2.777777777777777901e-01 5.000000000000000000e+00 1.049399999999999977e+02 6.268490870764221734e-01 3.589740000000002151e+00
3.984060000000000059e+02 2.777777777777777901e-01 5.000000000000000000e+00 6.648000000000000398e+01 8.337784064154025732e-01 3.774100000000002453e+00
3.694890000000001464e+02 5.238095238095238360e-01 6.000000000000000000e+00 6.286000000000000654e+01 8.501442673952235296e-01 3.245300000000002072e+00
3.898830000000002087e+02 2.999999999999999889e-01 6.000000000000000000e+00 7.067000000000000171e+01 7.840144310618172296e-01 3.998120000000002783e+00
4.104710000000001742e+02 2.272727272727272652e-01 6.000000000000000000e+00 8.673999999999999488e+01 6.781579208997603470e-01 3.451640000000002928e+00
3.825110000000002515e+02 5.625000000000000000e-01 7.000000000000000000e+00 1.125700000000000074e+02 4.846363852873372680e-01 1.057600000000000318e+00
3.365250000000000909e+02 7.222222222222222099e-01 7.000000000000000000e+00 4.557000000000000028e+01 7.009110402934984885e-01 2.032399999999999984e+00
3.573850000000000477e+02 2.631578947368420907e-01 5.000000000000000000e+00 8.466000000000001080e+01 8.627275003902314943e-01 2.670100000000000584e+00
3.354000000000000341e+02 2.941176470588235392e-01 3.000000000000000000e+00 4.660999999999999943e+01 8.663814746083873253e-01 2.896320000000001116e+00
3.848710000000000377e+02 4.210526315789473450e-01 3.000000000000000000e+00 8.559000000000000341e+01 7.351951052742997650e-01 4.067820000000002878e+00
3.674980000000001041e+02 4.000000000000000222e-01 4.000000000000000000e+00 6.057000000000000028e+01 8.675169138603923136e-01 1.884479999999999711e+00
2.612849999999999682e+02 5.000000000000000000e-01 5.000000000000000000e+00 8.584000000000000341e+01 8.703860329072984348e-01 1.093399999999999483e+00
2.793639999999999759e+02 7.142857142857143016e-01 3.000000000000000000e+00 5.402000000000000313e+01 8.403476527738065194e-01 -1.022799999999994824e-01
2.863950000000000387e+02 4.444444444444444198e-01 5.000000000000000000e+00 5.710000000000000853e+01 8.863776524079586272e-01 2.381799999999999251e+00
3.225230000000001951e+02 5.625000000000000000e-01 7.000000000000000000e+00 3.274000000000000199e+01 8.489843092129797375e-01 3.190200000000001701e+00
3.455070000000001187e+02 6.666666666666666297e-01 6.000000000000000000e+00 3.398000000000000398e+01 7.946078652496058048e-01 1.551500000000000767e+00
2.483069999999999879e+02 1.666666666666666574e-01 4.000000000000000000e+00 5.110000000000000142e+01 8.843228879397199149e-01 1.226199999999999735e+00
3.317840000000001055e+02 6.666666666666666574e-02 3.000000000000000000e+00 5.574000000000000909e+01 5.790102084155930307e-01 4.124400000000002287e+00
3.109130000000000678e+02 6.666666666666666297e-01 5.000000000000000000e+00 2.105000000000000071e+01 8.231301835891983165e-01 1.537700000000000733e+00
4.134930000000001655e+02 3.913043478260869734e-01 6.000000000000000000e+00 6.188000000000000966e+01 7.910080517386328669e-01 2.992740000000001288e+00
3.553970000000000482e+02 4.545454545454545581e-02 4.000000000000000000e+00 6.399000000000000199e+01 6.070637209924183431e-01 3.697100000000001607e+00
4.235420000000000869e+02 3.636363636363636465e-01 7.000000000000000000e+00 7.314000000000000057e+01 5.420683830734647213e-01 3.691100000000003156e+00
2.342990000000000066e+02 4.615384615384615641e-01 3.000000000000000000e+00 6.656000000000000227e+01 7.765031607722545637e-01 1.385600000000000165e+00
3.314160000000001105e+02 4.444444444444444198e-01 5.000000000000000000e+00 7.639000000000000057e+01 8.750451744655359798e-01 3.729860000000002174e+00
3.488340000000000032e+02 4.705882352941176405e-01 4.000000000000000000e+00 7.110999999999999943e+01 9.181442744553978130e-01 3.450940000000001895e+00
3.914070000000000960e+02 2.380952380952380820e-01 7.000000000000000000e+00 1.015500000000000114e+02 4.717821413210920856e-01 1.387700000000000378e+00
3.929120000000003188e+02 3.888888888888888951e-01 3.000000000000000000e+00 7.432999999999999829e+01 7.898551890526056551e-01 4.765120000000003131e+00
3.382380000000000564e+02 3.750000000000000000e-01 4.000000000000000000e+00 4.692000000000000171e+01 9.148306904716889676e-01 4.031500000000002970e+00
3.784980000000001041e+02 4.444444444444444198e-01 7.000000000000000000e+00 8.429999999999999716e+01 8.008073833904595373e-01 2.250020000000000131e+00
3.974390000000001919e+02 4.210526315789473450e-01 3.000000000000000000e+00 1.092400000000000091e+02 6.582059556214794327e-01 1.057239999999999736e+00
3.318029999999999973e+02 1.764705882352941291e-01 5.000000000000000000e+00 6.144000000000000483e+01 8.826350945057431785e-01 3.373300000000001297e+00
3.293600000000000136e+02 3.750000000000000000e-01 5.000000000000000000e+00 1.071899999999999977e+02 7.092230133387027458e-01 9.279999999999992699e-01
4.615590000000001965e+02 3.913043478260869734e-01 6.000000000000000000e+00 8.679000000000000625e+01 7.162997065301215383e-01 2.515940000000000509e+00
2.637280000000000086e+02 2.307692307692307820e-01 2.000000000000000000e+00 4.692000000000000171e+01 9.015674645831736056e-01 3.487520000000001730e+00
3.745050000000002228e+02 5.000000000000000000e-01 6.000000000000000000e+00 4.642999999999999972e+01 8.122506536151686829e-01 1.978420000000000067e+00
3.314560000000000741e+02 6.500000000000000222e-01 5.000000000000000000e+00 4.756000000000000227e+01 8.990862996745632163e-01 3.426920000000001743e+00
4.565460000000002765e+02 2.962962962962962798e-01 5.000000000000000000e+00 6.948000000000000398e+01 4.351714347516196790e-01 4.706640000000003710e+00
2.784439999999999600e+02 8.125000000000000000e-01 4.000000000000000000e+00 3.892000000000000171e+01 8.700519057047187976e-01 8.209000000000020725e-01
2.814229999999999450e+02 4.210526315789473450e-01 5.000000000000000000e+00 1.733000000000000185e+01 8.914952043993584763e-01 2.999400000000001398e+00
3.553980000000001382e+02 4.444444444444444198e-01 6.000000000000000000e+00 1.020900000000000034e+02 6.069940699467426537e-01 3.733000000000002316e+00
3.765010000000002606e+02 6.500000000000000222e-01 5.000000000000000000e+00 7.409000000000000341e+01 6.728126175611353066e-01 -1.261199999999994992e+00
2.392499999999999716e+02 3.636363636363636465e-01 2.000000000000000000e+00 8.207999999999999829e+01 3.034750302498324670e-01 4.912000000000001365e-01
2.620629999999999882e+02 1.428571428571428492e-01 4.000000000000000000e+00 9.721000000000000796e+01 6.619692858043034756e-01 -7.610000000000000098e-02
3.674880000000000564e+02 4.347826086956521618e-01 5.000000000000000000e+00 2.475000000000000355e+01 8.617625933212824663e-01 2.289100000000000357e+00
2.012899999999999352e+02 9.000000000000000222e-01 3.000000000000000000e+00 6.596999999999999886e+01 6.576773843404952746e-01 -3.077999999999987413e-01
3.203530000000000655e+02 5.000000000000000000e-01 5.000000000000000000e+00 9.909000000000000341e+01 6.127799144860931468e-01 1.433739999999999792e+00
4.054250000000000682e+02 1.666666666666666574e-01 6.000000000000000000e+00 6.684000000000000341e+01 6.330550675925172843e-01 3.841700000000003001e+00
2.686759999999999877e+02 3.333333333333333148e-01 5.000000000000000000e+00 7.846000000000000796e+01 8.363509521068870356e-01 3.608999999999996100e-01
4.015990000000001601e+02 7.391304347826086474e-01 7.000000000000000000e+00 5.410999999999999943e+01 5.572098750822123137e-01 -8.641999999999936399e-01
2.266589999999999350e+02 2.727272727272727071e-01 5.000000000000000000e+00 4.337000000000000455e+01 3.352371658610392435e-01 2.423500000000000654e+00
3.658379999999999654e+02 1.764705882352941291e-01 6.000000000000000000e+00 6.463000000000000966e+01 7.992923104046772975e-01 2.709300000000000708e+00
2.933280000000000314e+02 3.333333333333333148e-01 6.000000000000000000e+00 9.993999999999999773e+01 7.145319967864922628e-01 -5.905999999999997918e-01
3.344230000000000587e+02 2.500000000000000000e-01 5.000000000000000000e+00 5.981000000000000227e+01 7.799971227138041696e-01 3.051460000000001394e+00
3.444790000000002124e+02 5.500000000000000444e-01 5.000000000000000000e+00 6.956000000000000227e+01 6.609919546211455721e-01 1.332740000000000480e+00
4.064380000000001587e+02 2.173913043478260809e-01 6.000000000000000000e+00 9.277999999999998693e+01 6.330787942557752901e-01 3.458520000000001815e+00
3.634610000000001264e+02 4.090909090909091161e-01 3.000000000000000000e+00 5.351000000000000512e+01 8.423349149205024977e-01 2.616900000000000226e+00
2.884399999999999977e+02 5.000000000000000000e-01 4.000000000000000000e+00 4.239000000000000057e+01 9.397518842940981720e-01 2.864320000000001087e+00
2.963420000000000414e+02 5.333333333333333259e-01 6.000000000000000000e+00 5.080000000000001137e+01 8.706797262594382358e-01 1.883599999999999497e+00
1.751910000000000025e+02 0.000000000000000000e+00 1.000000000000000000e+00 6.380999999999999517e+01 6.279257036081912213e-01 7.477999999999997982e-01
2.564779999999999518e+02 1.000000000000000000e+00 7.000000000000000000e+00 3.207999999999999829e+01 6.943484637167331996e-01 1.659100000000001573e+00
4.324770000000000891e+02 1.052631578947368363e-01 7.000000000000000000e+00 7.295000000000000284e+01 4.302976471904536027e-01 4.656900000000002038e+00
3.414800000000000182e+02 3.684210526315789269e-01 6.000000000000000000e+00 4.876999999999999602e+01 3.675893075563527179e-01 2.789340000000001041e+00
2.383949999999998965e+02 8.666666666666666963e-01 5.000000000000000000e+00 2.583999999999999986e+01 5.768110928569160079e-01 2.255399999999999849e+00
3.023489999999999895e+02 4.117647058823529216e-01 6.000000000000000000e+00 5.820000000000000284e+01 7.936804030520309139e-01 2.626800000000000246e+00
2.717479999999999905e+02 6.666666666666666297e-01 3.000000000000000000e+00 5.614999999999999858e+01 9.100110059887474012e-01 1.679219999999999935e+00
3.153510000000000559e+02 5.000000000000000000e-01 3.000000000000000000e+00 1.157699999999999960e+02 6.528772111798345490e-01 8.558000000000002272e-01
2.633209999999999695e+02 3.846153846153846367e-01 4.000000000000000000e+00 7.679999999999999716e+01 7.300311658191315223e-01 -4.870999999999980901e-01
3.964670000000000982e+02 3.636363636363636465e-01 6.000000000000000000e+00 1.160000000000000000e+02 3.781504829085256536e-01 2.419820000000000526e+00
3.855170000000001096e+02 4.210526315789473450e-01 7.000000000000000000e+00 7.268999999999999773e+01 5.115066984291052332e-01 2.552440000000000708e+00
3.664360000000000923e+02 3.636363636363636465e-01 4.000000000000000000e+00 4.062000000000000455e+01 8.338001893693856026e-01 3.196100000000002161e+00
3.734980000000001610e+02 4.500000000000000111e-01 5.000000000000000000e+00 5.200000000000000000e+01 8.352148018026670506e-01 1.499200000000000532e+00
3.924550000000001546e+02 3.478260869565217295e-01 3.000000000000000000e+00 7.571000000000000796e+01 6.420896439137303569e-01 2.685240000000001181e+00
2.916980000000000359e+02 1.666666666666666574e-01 2.000000000000000000e+00 8.890999999999999659e+01 8.763181437537949092e-01 1.453500000000000014e+00
3.554880000000000564e+02 1.666666666666666574e-01 5.000000000000000000e+00 5.488000000000000256e+01 6.779025470163119182e-01 4.632820000000002381e+00
3.765650000000002251e+02 8.181818181818182323e-01 5.000000000000000000e+00 5.078000000000000114e+01 8.585695047010680758e-01 2.411940000000000417e+00
2.883720000000000141e+02 2.000000000000000111e-01 4.000000000000000000e+00 5.820000000000000284e+01 8.477380126806565164e-01 2.241699999999999804e+00
3.555060000000000855e+02 5.238095238095238360e-01 5.000000000000000000e+00 5.342999999999999972e+01 8.619110990728140465e-01 1.999299999999999633e+00
2.152739999999999725e+02 3.333333333333333148e-01 4.000000000000000000e+00 5.539999999999999858e+01 8.057854763404699305e-01 7.443999999999999506e-01
2.997780000000000200e+02 5.000000000000000000e-01 6.000000000000000000e+00 5.200000000000000000e+01 8.229971928671550030e-01 9.728000000000001091e-01
3.499060000000001196e+02 6.842105263157894912e-01 6.000000000000000000e+00 2.773999999999999844e+01 8.542827474324746762e-01 2.893000000000001570e+00
3.744810000000002788e+02 8.571428571428570953e-01 6.000000000000000000e+00 6.692000000000000171e+01 6.680699452165573815e-01 2.110199999999999410e+00
3.254979999999999905e+02 6.470588235294117974e-01 6.000000000000000000e+00 5.060999999999999943e+01 8.264700079594151649e-01 1.230600000000001026e+00
2.751410000000000196e+02 4.545454545454545303e-01 2.000000000000000000e+00 3.684000000000000341e+01 8.238265074323126713e-01 8.289000000000000812e-01
2.743000000000000114e+02 5.000000000000000000e-01 4.000000000000000000e+00 8.704999999999999716e+01 7.846582449038931317e-01 2.969999999999983764e-02
2.993160000000000878e+02 5.333333333333333259e-01 2.000000000000000000e+00 4.571000000000000085e+01 8.625671176301381582e-01 2.066619999999999902e+00
3.094350000000001160e+02 5.999999999999999778e-01 5.000000000000000000e+00 8.421999999999999886e+01 7.806405778692874220e-01 2.542500000000000426e+00
3.524340000000000828e+02 3.333333333333333148e-01 5.000000000000000000e+00 5.864000000000000057e+01 8.985553859669398458e-01 3.251120000000001120e+00
2.644329999999999359e+02 1.000000000000000000e+00 2.000000000000000000e+00 2.583999999999999986e+01 8.149462954250915603e-01 2.621900000000000119e+00
2.483659999999999854e+02 6.250000000000000000e-01 4.000000000000000000e+00 4.046000000000000085e+01 8.556757097286645797e-01 3.512000000000002231e+00
2.783410000000000082e+02 4.545454545454545303e-01 2.000000000000000000e+00 8.157000000000000739e+01 7.696110831187635837e-01 -7.598000000000032506e-02
2.847430000000000518e+02 3.846153846153846367e-01 6.000000000000000000e+00 6.743000000000000682e+01 8.253287347278116526e-01 1.220900000000000318e+00
4.396060000000002788e+02 3.478260869565217295e-01 5.000000000000000000e+00 5.520000000000000284e+01 3.279342529994293542e-01 4.719240000000004542e+00
2.532299999999999613e+02 3.333333333333333148e-01 6.000000000000000000e+00 8.489000000000000057e+01 6.649963791722008910e-01 3.349999999999986322e-02
3.344160000000001673e+02 5.555555555555555802e-01 6.000000000000000000e+00 8.765999999999999659e+01 6.927096980068776499e-01 1.828899999999999970e+00
3.928870000000002278e+02 5.263157894736841813e-01 6.000000000000000000e+00 7.170000000000000284e+01 7.523017967675967865e-01 2.779220000000000468e+00
3.318210000000000832e+02 5.000000000000000000e-01 3.000000000000000000e+00 8.646000000000000796e+01 6.786904700570332016e-01 2.434800000000000075e+00
3.404700000000000841e+02 6.666666666666666297e-01 5.000000000000000000e+00 5.950000000000000000e+01 7.712429863831972154e-01 3.019220000000001569e+00
3.554830000000001746e+02 2.999999999999999889e-01 5.000000000000000000e+00 5.060999999999999943e+01 8.087356825492025836e-01 2.200700000000000323e+00
2.994139999999999873e+02 6.315789473684210176e-01 5.000000000000000000e+00 2.953999999999999915e+01 8.307847093127098681e-01 3.622400000000002507e+00
2.593770000000000095e+02 5.999999999999999778e-01 3.000000000000000000e+00 4.679999999999999716e+01 9.062303010267704906e-01 1.432819999999999760e+00
4.146140000000003738e+02 7.199999999999999734e-01 6.000000000000000000e+00 4.821999999999999886e+01 7.391073886211612098e-01 1.361800000000002786e+00
3.594510000000000787e+02 3.333333333333333148e-01 6.000000000000000000e+00 8.739000000000000057e+01 6.295938723326879316e-01 3.372400000000002063e+00
3.783300000000001546e+02 3.888888888888888951e-01 4.000000000000000000e+00 7.825999999999999091e+01 7.945367298059078376e-01 9.738999999999995438e-01
2.824959999999999241e+02 1.000000000000000000e+00 5.000000000000000000e+00 2.309000000000000341e+01 8.266629028008102287e-01 1.544600000000001083e+00
3.424670000000000982e+02 5.263157894736841813e-01 6.000000000000000000e+00 5.551000000000000512e+01 7.951308279460101991e-01 1.302520000000000788e+00
2.352870000000000061e+02 3.333333333333333148e-01 5.000000000000000000e+00 7.023000000000000398e+01 6.679255768834443385e-01 1.045999999999999375e+00
4.155149999999999864e+02 3.333333333333333148e-01 6.000000000000000000e+00 1.007800000000000011e+02 7.778777638854187382e-01 1.844799999999999773e+00
2.822710000000000150e+02 3.076923076923077094e-01 4.000000000000000000e+00 8.450000000000000000e+01 6.302497406068343633e-01 7.519200000000000328e-01
2.364040000000000248e+02 5.714285714285713969e-01 4.000000000000000000e+00 1.660999999999999943e+01 8.479637755645299535e-01 2.234799999999999898e+00
2.994389999999999645e+02 3.888888888888888951e-01 5.000000000000000000e+00 2.910000000000000142e+01 8.849374431866930957e-01 4.089700000000003222e+00
4.895510000000003288e+02 3.333333333333333148e-01 7.000000000000000000e+00 9.633000000000001251e+01 5.334767687749232268e-01 2.953920000000000989e+00
3.673650000000002365e+02 2.777777777777777901e-01 6.000000000000000000e+00 1.162100000000000080e+02 5.209306295439191103e-01 3.297700000000000742e+00
3.293800000000001091e+02 4.705882352941176405e-01 4.000000000000000000e+00 9.262000000000000455e+01 8.632159240576118275e-01 2.320999999999995289e-01
3.423700000000001182e+02 2.631578947368420907e-01 4.000000000000000000e+00 5.864000000000000057e+01 9.285986117792068839e-01 3.134320000000001549e+00
3.644490000000001828e+02 2.857142857142856984e-01 7.000000000000000000e+00 7.126000000000000512e+01 6.949166961259238828e-01 3.477120000000001987e+00
3.788810000000000855e+02 1.764705882352941291e-01 2.000000000000000000e+00 2.355000000000000426e+01 7.296307963409186526e-01 4.226800000000002555e+00
3.013949999999999818e+02 3.333333333333333148e-01 3.000000000000000000e+00 6.740999999999999659e+01 7.746712925746753742e-01 1.778899999999999926e+00
3.554379999999999882e+02 3.499999999999999778e-01 7.000000000000000000e+00 9.481000000000000227e+01 5.252815900226683876e-01 3.095800000000001440e+00
3.414000000000000341e+02 2.000000000000000111e-01 5.000000000000000000e+00 9.848000000000000398e+01 7.074052460453300606e-01 1.880019999999999580e+00
3.694470000000001164e+02 6.666666666666666297e-01 3.000000000000000000e+00 1.066799999999999926e+02 7.119975414384629442e-01 -1.270279999999995635e+00
3.073530000000000655e+02 1.666666666666666574e-01 3.000000000000000000e+00 6.399000000000000199e+01 8.063490210787077617e-01 2.171920000000000073e+00
2.806920000000000641e+02 5.384615384615384359e-01 3.000000000000000000e+00 0.000000000000000000e+00 5.537631318794297153e-01 4.745700000000002916e+00
3.954630000000001928e+02 4.761904761904761640e-01 3.000000000000000000e+00 9.926000000000000512e+01 8.535011462506691959e-01 1.745319999999999094e+00
3.854390000000000782e+02 4.285714285714285476e-01 4.000000000000000000e+00 6.579000000000000625e+01 8.747523962874069747e-01 3.509800000000002917e+00
4.532960000000001060e+02 1.904761904761904656e-01 2.000000000000000000e+00 1.039200000000000159e+02 4.319378006680176796e-01 -1.670399999999996110e+00
2.393589999999999520e+02 9.285714285714286031e-01 2.000000000000000000e+00 2.953999999999999915e+01 7.388627599945070124e-01 2.102500000000000036e+00
2.803279999999999745e+02 6.153846153846154188e-01 4.000000000000000000e+00 9.044999999999998863e+01 7.950750570746569768e-01 -6.261799999999988486e-01
3.744400000000001114e+02 1.304347826086956486e-01 5.000000000000000000e+00 7.134000000000000341e+01 6.405542908401055113e-01 4.614460000000002893e+00
3.488740000000000236e+02 5.789473684210526550e-01 3.000000000000000000e+00 4.062000000000000455e+01 8.240467300814956486e-01 4.117500000000003268e+00
3.403830000000000382e+02 3.888888888888888951e-01 3.000000000000000000e+00 8.732000000000000739e+01 8.766877888627300219e-01 1.126899999999999569e+00
2.363349999999999511e+02 5.714285714285713969e-01 4.000000000000000000e+00 4.607000000000000028e+01 8.370276188566609932e-01 1.796899999999999498e+00
3.683800000000000523e+02 5.000000000000000000e-01 6.000000000000000000e+00 8.450000000000000000e+01 7.517892755101563962e-01 1.932699999999999640e+00
3.893860000000000809e+02 4.545454545454545581e-02 4.000000000000000000e+00 7.321999999999999886e+01 5.764584302702965291e-01 3.785700000000002063e+00
3.974810000000001651e+02 1.578947368421052544e-01 4.000000000000000000e+00 7.937000000000000455e+01 5.330961098311983726e-01 3.923900000000002386e+00
3.504630000000000223e+02 4.705882352941176405e-01 7.000000000000000000e+00 5.981000000000000227e+01 7.766712904985599852e-01 3.493620000000001724e+00
4.225490000000002055e+02 3.599999999999999867e-01 7.000000000000000000e+00 6.307999999999999829e+01 6.714687314551006647e-01 2.026699999999999946e+00
3.808710000000002651e+02 4.736842105263157632e-01 6.000000000000000000e+00 5.957000000000000028e+01 8.090503561422405232e-01 2.487119999999999997e+00
3.644710000000000605e+02 5.882352941176470784e-01 6.000000000000000000e+00 6.948000000000000398e+01 7.313004882877944812e-01 2.093039999999999345e+00
3.426640000000002146e+02 5.333333333333333259e-01 2.000000000000000000e+00 4.401999999999999602e+01 7.685630997445176416e-01 5.000080000000002300e+00
3.242920000000000869e+02 5.882352941176470507e-02 4.000000000000000000e+00 9.103000000000001535e+01 3.730753053909731110e-01 2.947900000000000631e+00
3.253680000000000518e+02 2.777777777777777901e-01 5.000000000000000000e+00 7.548000000000000398e+01 6.523343703492836543e-01 4.431800000000003514e+00
2.082809999999999491e+02 5.000000000000000000e-01 3.000000000000000000e+00 4.610000000000000853e+01 8.220913988848549403e-01 1.744399999999999729e+00
3.328160000000000309e+02 2.000000000000000111e-01 4.000000000000000000e+00 6.015000000000000568e+01 5.395564348218795381e-01 3.581020000000002312e+00
3.223860000000001378e+02 4.666666666666666741e-01 2.000000000000000000e+00 8.900000000000000000e+01 9.000212192935292954e-01 1.218099999999999961e+00
3.495200000000000955e+02 6.842105263157894912e-01 5.000000000000000000e+00 5.060999999999999943e+01 8.024767487147764777e-01 2.452199999999999491e+00
3.614620000000001596e+02 6.500000000000000222e-01 3.000000000000000000e+00 6.343999999999999773e+01 8.254074485256206462e-01 5.494000000000013317e-01
2.293039999999999452e+02 8.000000000000000444e-01 4.000000000000000000e+00 8.325000000000000000e+01 5.459709869181654796e-01 -2.802399999999996894e+00
2.902980000000000018e+02 0.000000000000000000e+00 3.000000000000000000e+00 7.325000000000000000e+01 8.038950628854526492e-01 2.474300000000000388e+00
2.973760000000000900e+02 5.714285714285713969e-01 4.000000000000000000e+00 5.584000000000000341e+01 7.993285174753218536e-01 2.175800000000000622e+00
4.275050000000002228e+02 5.000000000000000000e-01 7.000000000000000000e+00 9.451999999999998181e+01 5.798201866875776211e-01 1.998199999999999976e+00
4.024720000000002642e+02 2.999999999999999889e-01 6.000000000000000000e+00 9.277999999999998693e+01 7.501251335217785643e-01 2.656700000000000728e+00
2.784240000000000350e+02 8.666666666666666963e-01 6.000000000000000000e+00 4.717999999999999972e+01 7.733846091189542360e-01 5.830000000000179483e-02
4.344670000000000982e+02 2.000000000000000111e-01 5.000000000000000000e+00 6.089000000000000057e+01 5.593848639995628869e-01 4.339300000000003266e+00
3.032200000000000841e+02 5.384615384615384359e-01 7.000000000000000000e+00 4.607000000000000739e+01 8.049241750754436708e-01 1.682100000000000151e+00
2.473419999999999561e+02 5.714285714285713969e-01 5.000000000000000000e+00 4.692000000000000171e+01 8.132175614537759945e-01 2.833900000000001640e+00
3.584050000000000296e+02 1.499999999999999944e-01 4.000000000000000000e+00 8.507000000000000739e+01 6.061026782231917487e-01 2.985720000000001484e+00
2.743590000000000373e+02 2.941176470588235392e-01 5.000000000000000000e+00 3.684000000000000341e+01 8.639358840161418529e-01 2.706820000000000448e+00
3.464960000000001514e+02 5.789473684210526550e-01 4.000000000000000000e+00 4.941000000000000369e+01 8.986364028521655056e-01 3.925400000000003331e+00
2.643569999999999709e+02 6.666666666666666297e-01 6.000000000000000000e+00 7.677000000000001023e+01 8.436061632608110594e-01 9.850999999999996426e-01
4.375460000000000491e+02 2.272727272727272652e-01 4.000000000000000000e+00 7.529000000000000625e+01 4.889669338822921762e-01 3.980400000000003047e+00
4.555330000000002428e+02 6.500000000000000222e-01 4.000000000000000000e+00 1.066400000000000148e+02 7.104347059619414706e-01 6.489000000000020307e-01
2.633369999999999322e+02 5.333333333333333259e-01 5.000000000000000000e+00 5.856000000000000227e+01 8.495576884269259166e-01 1.685799999999999743e+00
2.292789999999999111e+02 3.571428571428571508e-01 1.000000000000000000e+00 4.223000000000000398e+01 8.123110893983482850e-01 2.000999999999999890e+00
2.233439999999999941e+02 8.333333333333333703e-01 7.000000000000000000e+00 4.732000000000000028e+01 7.465740458899731147e-01 9.074999999999995293e-01
3.073530000000000655e+02 1.111111111111111049e-01 4.000000000000000000e+00 5.835999999999999943e+01 8.060785206563751970e-01 2.850100000000001632e+00
3.113810000000000855e+02 2.631578947368420907e-01 6.000000000000000000e+00 5.462999999999999545e+01 7.211527790843226260e-01 4.040300000000003777e+00
1.792869999999999493e+02 9.090909090909090606e-01 1.000000000000000000e+00 2.823000000000000043e+01 6.318320299723053646e-01 7.474799999999999223e-01
3.374510000000000218e+02 4.210526315789473450e-01 4.000000000000000000e+00 5.954999999999999716e+01 7.525874883327341447e-01 1.264419999999999211e+00
3.764190000000002101e+02 8.888888888888888395e-01 5.000000000000000000e+00 4.985000000000000142e+01 6.919455123949066477e-01 2.452500000000000568e+00
2.972889999999999873e+02 6.250000000000000000e-02 3.000000000000000000e+00 6.802000000000001023e+01 8.037940400323657641e-01 3.436420000000001806e+00
4.125370000000002619e+02 8.235294117647058432e-01 4.000000000000000000e+00 1.014900000000000091e+02 7.557453027736363849e-01 1.713899999999999535e+00
3.494580000000001974e+02 3.333333333333333148e-01 4.000000000000000000e+00 6.057000000000000028e+01 8.783080179865518922e-01 1.449299999999999589e+00
2.983640000000000896e+02 5.384615384615384359e-01 5.000000000000000000e+00 8.931000000000000227e+01 6.675879685785687245e-01 2.453400000000000247e+00
4.234890000000002033e+02 3.333333333333333148e-01 7.000000000000000000e+00 7.342000000000000171e+01 6.283977515723160323e-01 1.889999999999999458e+00
3.432760000000000105e+02 1.875000000000000000e-01 5.000000000000000000e+00 4.756000000000000227e+01 8.378074598326089584e-01 3.902600000000002289e+00
3.725130000000001473e+02 5.238095238095238360e-01 7.000000000000000000e+00 6.818000000000000682e+01 7.655087055632300297e-01 4.193140000000003198e+00
3.294290000000000305e+02 3.125000000000000000e-01 6.000000000000000000e+00 7.131999999999999318e+01 7.296321683425456284e-01 2.468799999999999883e+00
3.613810000000000286e+02 1.499999999999999944e-01 7.000000000000000000e+00 1.138599999999999852e+02 2.864038821372200116e-01 1.681979999999999364e+00
2.543059999999999263e+02 8.461538461538461453e-01 3.000000000000000000e+00 6.967000000000000171e+01 7.068889463923394567e-01 -6.590000000000006963e-02
3.304280000000001110e+02 5.789473684210526550e-01 5.000000000000000000e+00 7.843000000000000682e+01 7.667450239393194256e-01 1.572399999999999354e+00
2.914590000000000600e+02 6.666666666666666297e-01 7.000000000000000000e+00 2.907999999999999829e+01 8.251350792814774460e-01 1.520140000000000935e+00
3.213800000000000523e+02 2.105263157894736725e-01 4.000000000000000000e+00 6.095999999999999375e+01 5.272658142600500364e-01 4.431860000000003907e+00
2.533859999999999673e+02 8.666666666666666963e-01 5.000000000000000000e+00 3.738000000000000256e+01 7.543785485541619762e-01 3.172900000000002052e+00
2.283359999999999559e+02 9.166666666666666297e-01 5.000000000000000000e+00 5.257000000000000739e+01 7.479429108692215999e-01 1.444799999999999862e+00
3.194549999999999841e+02 4.000000000000000222e-01 4.000000000000000000e+00 5.488000000000000256e+01 8.792942720842457094e-01 3.212500000000002132e+00
3.013829999999999814e+02 5.714285714285713969e-01 5.000000000000000000e+00 5.760999999999999943e+01 9.061464185779360969e-01 2.128700000000000259e+00
3.548150000000001114e+02 2.666666666666666630e-01 4.000000000000000000e+00 7.962000000000000455e+01 9.122519626040910268e-01 2.185100000000000264e+00
3.503209999999999695e+02 2.352941176470588203e-01 7.000000000000000000e+00 8.146999999999999886e+01 4.655676978704183511e-01 3.875200000000002198e+00
2.834119999999999777e+02 5.999999999999999778e-01 4.000000000000000000e+00 2.125999999999999801e+01 8.958940157684297523e-01 4.168000000000002814e+00
3.583920000000000528e+02 3.157894736842105088e-01 5.000000000000000000e+00 5.981000000000000227e+01 7.258307691000031037e-01 4.585620000000003138e+00
4.094420000000002346e+02 3.181818181818181768e-01 7.000000000000000000e+00 8.818000000000000682e+01 7.105802576753262878e-01 2.639300000000001312e+00
2.142109999999999843e+02 4.545454545454545303e-01 0.000000000000000000e+00 2.946000000000000085e+01 7.141051331495132937e-01 1.879319999999999657e+00
3.854240000000000919e+02 4.210526315789473450e-01 5.000000000000000000e+00 8.352000000000001023e+01 6.539282812029691971e-01 1.093499999999999917e+00
4.656000000000001933e+02 2.083333333333333426e-01 6.000000000000000000e+00 8.023000000000000398e+01 4.025295570840494719e-01 4.948740000000005246e+00
3.584259999999999877e+02 1.000000000000000056e-01 5.000000000000000000e+00 8.258999999999998920e+01 6.244031836994531348e-01 4.560160000000002434e+00
3.414110000000001719e+02 3.684210526315789269e-01 3.000000000000000000e+00 6.357000000000000028e+01 9.294449048462261054e-01 2.064839999999999787e+00
2.764050000000000296e+02 3.333333333333333148e-01 6.000000000000000000e+00 4.728000000000000114e+01 7.865189996162059716e-01 3.903500000000001968e+00
3.393099999999999454e+02 4.615384615384615641e-01 5.000000000000000000e+00 5.856000000000000227e+01 8.074946144840045026e-01 2.163999999999999702e+00
2.874110000000001151e+02 5.000000000000000000e-01 5.000000000000000000e+00 5.657999999999999829e+01 5.081444352849524559e-01 -5.975799999999971135e-01
2.223069999999999879e+02 5.384615384615384359e-01 2.000000000000000000e+00 3.804999999999999716e+01 7.525556930747504536e-01 3.398500000000001187e+00
2.982980000000000018e+02 1.250000000000000000e-01 3.000000000000000000e+00 6.740000000000000568e+01 5.408292993390829695e-01 1.368900000000000006e+00
3.303689999999999714e+02 2.000000000000000111e-01 6.000000000000000000e+00 9.389999999999999147e+01 5.482778607947440541e-01 2.928700000000000081e+00
2.762860000000000014e+02 1.333333333333333315e-01 4.000000000000000000e+00 5.512000000000000455e+01 9.015992819770553002e-01 2.984220000000000539e+00
3.304740000000001032e+02 8.000000000000000444e-01 7.000000000000000000e+00 7.664000000000000057e+01 7.593262220436405308e-01 4.141400000000013404e-01
3.604390000000000782e+02 1.250000000000000000e-01 5.000000000000000000e+00 6.777000000000001023e+01 5.539330054900114542e-01 3.778420000000002332e+00
3.751809999999999263e+02 3.636363636363636465e-01 4.000000000000000000e+00 1.153799999999999955e+02 4.906913368507281881e-01 3.572400000000000908e+00
