32 37
1 31
13 33
26 30
18 26
35 42
26 39
29 32
20 29
29 41
22 35
23 34
12 43
9 26
37 42
9 35
15 23
41 42
16 22
30 39
15 32
20 22
3 15
14 15
29 34
14 24
2 4
17 23
20 40
31 40
0 16
21 39
29 43
14 42
1 17
13 19
8 32
19 32
13 28
30 41
42 43
13 37
11 37
25 36
35 37
3 8
20 24
5 14
20 42
21 41
9 21
12 38
1 10
27 29
10 31
7 14
2 27
16 26
7 23
9 42
10 40
19 43
30 43
11 39
12 13
5 7
22 23
20 35
4 27
23 40
8 27
10 24
30 36
25 31
11 41
25 40
22 25
15 41
23 24
38 43
21 36
12 33
10 17
1 14
28 32
1 23
0 25
24 25
8 38
16 21
19 38
27 42
16 30
11 43
3 5
20 21
32 41
15 34
3 14
20 30
14 23
29 42
1 7
2 6
17 25
34 41
0 18
2 15
9 30
28 43
0 36
6 15
15 27
3 7
32 43
21 22
12 19
26 36
29 35
4 15
21 40
17 18
8 15
27 28
36 40
27 37
30 33
9 41
11 38
15 29
5 6
4 8
18 25
35 41
29 37
21 33
12 30
1 2
22 34
11 13
5 27
10 23
0 22
28 38
30 35
37 41
9 34
0 31
6 10
0 40
32 38
24 34
7 27
13 43
21 26
35 43
16 39
18 36
21 35
4 28
2 3
8 19
17 22
22 36
27 32
17 31
8 28
10 25
19 28
37 43
17 40
8 37
19 37
9 36
11 33
41 43
3 4
33 39
24 36
26 33
15 42
1 6
2 5
17 24
20 41
9 20
0 17
2 14
14 34
34 40
9 29
11 26
2 23
11 35
6 14
6 23
32 42
4 5
13 38
15 35
18 22
18 31
21 30
5 15
20 34
22 31
3 27
2 7
14 27
22 40
12 39
11 19
9 22
34 42
37 38
36 39
6 7
9 40
32 35
16 18
7 15
24 31
4 7
24 40
33 43
35 40
16 36
22 24
14 20
31 36
34 35
20 36
11 12
14 29
9 24
11 21
28 37
11 30
