4 9
3 13
5 10
8 9
0 5
0 14
2 11
11 14
1 15
6 11
7 10
3 6
3 15
5 12
8 11
14 15
9 10
0 7
2 4
1 8
6 13
7 12
3 8
5 14
9 12
0 9
7 14
12 13
3 10
5 7
0 2
9 14
1 3
10 15
1 12
13 14
12 15
3 12
5 9
4 11
1 5
1 14
2 13
7 9
3 5
3 14
5 11
4 13
8 13
1 7
2 6
2 15
7 11
6 15
3 7
4 6
5 13
4 15
8 15
10 12
1 9
0 11
2 8
6 8
3 9
5 6
4 8
1 2
0 4
10 14
1 11
0 13
2 10
11 13
6 10
12 14
3 11
4 10
8 10
1 4
0 6
2 3
1 13
0 15
2 12
11 15
6 12
3 4
4 12
8 12
1 6
0 8
2 5
9 11
2 14
6 14
7 13
4 5
4 14
0 1
5 15
8 14
10 11
9 13
0 10
2 7
6 7
7 15
4 7
5 8
0 3
10 13
9 15
0 12
2 9
11 12
13 15
6 9
7 8
