13 88
26 39
70 73
8 9
5 83
48 72
62 74
73 83
54 79
2 50
25 61
14 24
74 75
22 46
51 82
24 74
66 89
13 83
55 61
21 32
0 9
6 52
29 54
9 85
61 86
10 31
62 69
81 82
54 74
62 87
25 47
31 81
12 77
51 68
51 86
24 69
16 65
35 78
1 85
88 90
17 57
38 89
5 73
17 75
69 76
42 77
10 17
31 67
12 63
13 73
9 30
17 43
57 79
6 15
36 65
50 58
42 63
50 76
58 89
20 62
31 62
3 9
43 45
51 58
72 90
16 46
35 68
17 29
36 42
57 74
47 51
76 87
5 45
6 28
58 66
21 26
27 60
6 37
27 69
8 65
30 65
27 87
0 70
50 89
39 70
23 71
23 80
24 54
64 90
34 86
13 63
17 24
1 70
28 42
15 72
58 61
15 90
50 66
19 60
19 69
31 43
19 87
23 48
24 31
35 58
38 51
49 51
65 77
49 60
49 69
38 78
6 18
26 85
49 87
8 46
30 46
31 47
23 43
4 39
23 52
13 26
32 39
34 58
13 44
53 80
17 23
5 39
46 77
8 32
15 80
11 37
71 88
60 69
11 64
60 87
13 21
53 57
44 88
16 26
45 71
53 84
3 65
34 89
38 50
49 50
7 53
18 53
38 68
19 27
30 36
27 49
0 32
18 80
50 51
71 83
48 90
11 59
12 42
10 81
45 48
16 21
56 57
1 32
37 53
53 79
56 75
56 84
67 81
15 52
7 57
26 70
11 18
30 40
8 40
19 49
41 55
33 51
33 60
33 69
41 82
1 9
53 56
45 52
3 46
34 61
22 77
67 76
14 82
0 4
26 65
17 84
8 26
48 71
71 73
48 80
40 85
52 59
25 51
44 64
1 4
2 58
22 36
2 76
14 41
7 20
78 89
8 12
7 56
8 21
0 26
29 62
63 64
4 5
21 85
33 50
25 55
22 40
3 36
34 51
74 87
43 81
37 56
35 86
15 28
59 80
8 16
48 52
29 57
6 64
29 75
10 43
25 41
73 90
44 63
3 22
2 66
14 31
3 40
66 78
13 72
32 85
24 81
36 46
16 77
13 90
7 19
47 55
26 32
55 68
7 37
18 37
55 86
47 82
9 65
21 39
6 59
10 47
33 49
20 79
3 8
22 30
23 84
51 66
24 67
16 63
15 18
47 68
28 64
36 77
69 74
29 56
10 24
2 38
20 74
51 61
3 30
66 68
24 62
35 89
16 85
68 86
58 78
69 87
8 77
54 62
62 75
20 69
31 69
12 65
20 87
4 70
23 83
4 88
24 75
36 40
65 85
9 32
17 45
5 43
28 63
50 60
5 70
27 67
6 44
42 65
27 76
61 78
50 78
10 14
2 19
54 57
54 75
31 82
4 83
45 84
35 61
58 68
27 62
19 76
8 85
83 88
12 46
75 84
24 29
51 55
35 38
56 79
38 58
49 67
28 44
9 40
49 76
7 79
42 46
61 68
50 68
20 27
20 54
54 56
0 85
41 86
4 73
45 83
37 79
9 26
57 75
57 84
6 11
60 76
12 36
11 80
23 45
41 81
52 90
1 26
25 82
2 89
16 42
34 78
14 81
5 23
15 64
38 66
49 66
0 39
63 77
48 88
71 90
29 84
12 22
44 72
25 68
1 21
53 59
44 90
34 55
25 86
1 39
45 73
14 67
3 85
46 65
59 84
19 20
27 33
63 72
48 83
52 71
33 67
52 80
33 76
25 81
56 59
64 72
34 68
59 79
70 88
47 86
7 59
18 59
79 84
40 65
8 42
71 80
29 74
21 70
21 88
12 30
4 26
44 80
37 59
7 18
67 69
47 81
70 83
11 15
48 73
21 65
12 16
44 48
33 66
2 60
10 82
14 43
47 67
15 44
67 82
28 72
0 1
40 46
5 88
6 53
11 28
6 80
41 47
10 41
44 52
73 88
54 84
34 35
22 42
13 70
14 47
