35 88
26 30
59 64
47 80
8 9
28 76
40 41
6 57
43 60
43 69
36 57
47 57
28 53
9 49
17 71
58 81
40 54
21 50
54 65
39 76
44 51
51 59
22 32
23 86
4 82
32 73
1 76
35 87
36 61
17 66
6 47
80 85
61 81
42 77
21 54
19 84
2 13
33 37
2 31
54 78
84 88
1 53
43 68
24 82
38 84
50 67
6 42
29 44
69 80
8 79
0 75
2 17
62 77
73 77
20 71
3 9
43 54
16 37
24 50
32 72
17 20
36 42
65 78
57 74
1 84
76 87
28 56
58 84
8 65
2 3
0 70
2 12
83 86
20 66
54 68
3 4
72 76
12 71
24 45
32 58
24 63
46 60
17 33
68 69
49 74
7 86
42 62
11 56
30 69
16 18
12 66
53 76
16 45
1 56
35 58
5 17
38 51
17 37
8 55
30 55
42 57
27 77
0 60
19 73
0 69
41 79
11 87
13 17
32 39
4 66
45 67
3 79
14 79
49 55
57 77
38 73
27 36
18 67
19 32
8 41
0 46
19 59
42 61
30 68
20 33
60 69
23 29
23 38
75 85
10 86
16 17
1 28
45 71
64 84
14 65
5 16
9 14
38 59
15 75
18 71
30 54
29 86
21 82
12 24
20 37
0 68
12 33
41 78
75 80
24 25
22 73
37 71
15 34
26 34
56 84
15 43
26 43
70 86
8 31
27 44
63 65
8 40
30 40
48 85
8 49
60 68
52 73
34 43
14 55
18 25
55 74
59 81
48 62
48 80
21 63
6 74
63 78
44 46
3 41
14 41
22 72
55 69
7 29
36 74
47 74
70 85
48 57
28 88
11 35
21 67
63 82
33 50
52 72
10 84
32 81
22 58
18 24
47 69
9 79
33 45
52 58
25 50
51 62
2 66
3 31
3 40
14 40
35 72
3 49
14 49
7 10
1 88
47 55
18 37
36 73
70 75
9 74
28 87
29 70
6 77
62 85
25 45
3 8
10 56
31 79
14 26
22 39
74 77
24 67
35 76
7 23
36 77
21 25
5 71
6 36
81 84
62 80
31 74
39 87
23 70
51 70
35 53
14 30
13 71
24 71
32 84
1 87
46 86
9 55
5 66
6 49
29 51
2 33
35 39
32 52
23 83
4 79
32 61
13 66
16 71
47 49
17 45
21 24
50 78
27 85
19 81
23 51
32 38
4 65
64 88
5 20
46 85
38 81
42 51
27 62
19 58
61 73
27 80
50 82
2 5
31 41
39 72
13 20
72 87
12 82
64 83
35 56
56 88
57 62
38 58
5 33
28 35
9 31
68 80
9 40
27 48
27 57
7 88
58 72
42 73
11 76
12 41
39 58
0 85
12 50
23 59
16 20
13 33
24 33
53 87
22 81
65 79
15 60
5 37
46 75
68 75
15 69
26 69
7 83
50 63
0 44
11 53
2 4
39 53
31 49
0 80
12 45
52 81
4 41
4 50
25 82
34 60
1 35
13 37
16 33
34 69
15 46
46 70
30 34
30 43
11 39
0 48
19 61
4 45
10 88
56 64
64 86
45 82
78 79
38 52
59 84
38 61
15 68
26 68
7 64
27 42
19 38
27 51
0 34
30 47
40 79
12 17
60 75
25 63
10 83
44 85
45 50
56 59
53 72
34 68
5 13
26 54
18 50
59 88
7 59
48 69
40 65
63 67
19 51
29 83
4 17
44 62
33 71
1 11
25 67
44 80
22 52
34 54
22 61
45 63
3 66
26 40
67 78
18 45
59 83
70 83
0 15
40 78
4 12
44 48
52 61
10 64
33 66
44 75
51 83
37 45
56 58
35 84
67 82
78 82
8 14
29 46
19 23
40 55
48 68
6 62
11 28
48 77
21 78
41 65
10 59
44 70
14 47
