7 17
36 53
67 68
36 62
26 39
17 58
28 58
7 35
47 71
8 18
29 50
40 50
0 23
21 55
33 47
2 50
3 15
14 15
3 24
14 24
3 42
14 42
35 74
24 74
16 70
36 48
55 61
36 57
55 70
18 30
36 66
5 60
47 75
17 71
6 34
9 67
6 43
54 65
10 40
25 38
31 72
2 45
3 10
10 58
32 55
22 32
13 51
3 28
14 28
13 60
32 73
13 69
16 65
55 56
55 65
59 63
9 53
6 29
21 27
5 73
17 75
29 40
6 47
29 49
40 58
21 54
10 17
10 35
62 73
31 67
10 44
32 41
12 72
2 49
3 14
43 50
22 27
13 46
32 68
36 38
17 34
5 41
6 24
50 58
5 68
6 33
29 35
58 71
69 71
40 44
29 44
6 51
31 53
54 55
62 68
2 35
20 71
32 36
43 45
51 58
24 50
35 50
32 72
16 55
17 20
28 29
5 36
47 51
17 47
6 19
21 26
58 75
69 75
2 3
39 52
39 61
54 59
20 57
39 70
12 53
12 62
20 75
23 71
43 49
24 45
43 58
1 52
1 61
9 11
16 59
46 60
1 70
46 69
28 42
6 14
42 44
27 55
8 51
27 73
50 75
20 34
2 7
39 56
39 65
31 61
54 63
12 57
23 57
53 67
4 62
16 27
35 40
24 49
35 58
16 54
1 65
57 64
46 64
68 73
26 67
27 41
18 72
8 46
30 46
27 59
61 70
0 51
8 64
19 64
30 64
12 25
30 73
31 38
23 34
20 47
4 30
23 43
13 17
4 57
16 22
34 58
24 35
4 66
16 31
56 67
35 44
24 44
38 55
5 30
57 68
7 58
15 71
27 54
0 37
27 63
0 46
11 55
30 68
20 33
60 69
0 64
12 38
20 51
23 47
16 26
3 74
14 74
49 50
7 44
38 59
68 72
38 68
18 62
15 75
7 71
30 36
63 70
8 45
19 45
11 59
20 37
4 20
23 33
44 74
53 61
16 21
22 55
37 62
22 73
34 75
67 72
26 52
26 61
18 57
26 70
0 18
18 66
48 67
11 27
7 75
63 65
0 36
19 49
8 49
20 23
41 55
52 55
33 51
41 73
4 33
33 69
34 43
22 41
37 48
56 61
22 59
37 57
22 68
56 70
37 66
15 29
18 25
7 34
59 72
15 47
26 56
0 4
26 65
48 62
27 39
11 22
29 58
11 31
21 63
33 46
52 59
4 19
41 68
33 64
2 58
10 71
22 36
34 47
45 47
3 50
14 50
56 65
22 72
7 20
7 29
15 42
18 38
7 47
0 8
48 57
48 66
11 26
52 54
44 50
52 63
2 44
22 31
10 75
25 73
34 51
45 51
7 15
15 28
47 60
47 69
7 42
28 74
9 70
0 12
40 75
25 32
33 45
25 59
51 71
32 67
3 40
22 53
14 49
7 10
55 59
17 51
7 28
36 64
17 60
36 73
9 56
5 67
17 69
29 43
21 39
6 50
11 16
10 29
2 34
25 36
10 47
33 49
2 43
32 62
51 75
24 58
3 35
14 35
66 73
3 44
14 44
16 63
36 41
16 72
47 50
55 63
18 23
59 61
55 72
36 68
5 62
6 45
21 52
10 15
21 61
10 24
2 29
25 31
10 42
2 47
32 48
22 25
32 66
66 68
13 71
35 71
55 67
5 48
17 50
28 50
5 57
9 55
5 66
58 69
61 65
40 42
29 42
9 73
50 74
6 49
6 58
2 6
39 55
2 15
10 28
62 66
2 24
20 60
20 69
2 42
3 7
13 48
1 55
16 53
13 66
13 75
35 75
47 49
9 32
6 8
47 58
9 41
9 59
27 67
42 74
10 14
2 10
20 46
39 59
31 55
23 51
2 28
20 64
23 60
32 38
23 69
24 34
43 47
51 60
24 43
16 39
1 59
9 27
28 40
17 40
38 72
11 63
11 72
39 54
2 14
39 63
23 46
31 59
54 61
13 20
31 68
4 51
54 70
23 64
24 29
12 64
4 60
12 73
43 51
13 47
35 47
1 54
16 52
1 63
16 61
57 62
46 62
9 22
49 58
17 35
28 35
46 71
9 31
28 44
15 74
30 62
54 56
4 46
32 37
12 68
1 31
4 64
35 42
24 42
16 38
35 51
46 48
46 57
65 70
38 53
46 66
57 66
9 26
5 37
46 75
7 74
27 52
42 50
30 48
61 63
27 61
8 57
30 57
27 70
11 53
12 18
30 66
0 62
4 23
39 53
12 36
23 45
20 58
53 55
1 26
13 37
22 67
9 21
26 55
5 32
7 51
7 69
8 34
19 34
0 30
8 43
19 43
27 56
11 39
27 65
0 57
12 22
60 71
4 18
0 66
12 31
41 67
25 68
4 45
1 21
53 59
53 68
45 64
1 39
14 58
37 60
37 69
5 9
46 47
26 41
15 50
26 59
8 20
19 20
18 64
11 25
19 47
60 66
11 61
41 62
31 39
33 58
60 75
10 74
1 16
25 72
34 50
37 46
53 72
26 27
37 73
5 13
46 51
26 54
7 50
26 63
19 24
48 60
0 20
18 68
8 33
19 33
11 38
40 74
19 51
21 70
29 74
41 48
4 8
12 30
23 30
33 71
1 11
34 45
2 74
56 63
26 31
59 65
15 40
18 36
36 72
15 58
8 19
27 32
30 37
21 56
48 73
0 33
71 75
21 65
52 61
33 57
52 70
25 53
22 38
34 49
45 49
14 43
45 58
15 17
7 13
15 35
67 73
36 67
15 44
7 40
9 68
8 23
19 23
0 19
48 68
33 34
25 30
33 43
41 56
52 56
10 50
52 65
34 35
51 69
3 29
14 29
