55 57
15 30
26 30
17 58
28 58
7 35
29 41
8 18
21 37
6 57
40 59
10 54
2 50
3 24
15 16
47 48
36 48
36 57
47 57
28 53
7 30
5 60
29 36
0 9
40 45
2 27
25 29
25 38
10 49
2 45
3 10
25 47
22 23
3 19
32 55
22 32
43 55
13 60
3 37
36 43
7 16
9 44
17 57
28 57
6 29
6 47
40 58
21 54
10 26
2 40
25 42
32 41
51 54
35 46
14 23
32 59
43 59
16 51
36 38
7 11
36 47
28 43
47 56
36 56
5 59
6 42
40 44
21 49
10 12
39 48
10 21
39 57
20 53
31 53
10 30
2 35
32 36
3 9
43 45
13 41
16 37
1 48
24 50
35 50
13 59
17 29
36 42
5 36
9 34
17 47
9 43
50 53
6 28
21 26
42 58
21 35
10 16
31 57
2 30
4 49
3 4
13 36
35 45
32 58
43 58
24 54
35 54
16 50
9 11
5 22
57 60
9 20
5 31
17 42
28 42
6 14
6 23
42 44
6 32
21 30
20 34
39 47
2 7
20 43
39 56
23 39
31 43
2 16
23 57
13 22
1 29
13 31
32 44
16 27
43 44
1 38
43 53
1 47
24 49
35 49
5 8
1 56
16 54
5 17
46 55
49 51
17 28
9 24
38 60
9 33
6 18
27 50
42 48
42 57
11 51
23 25
12 34
2 11
4 30
31 47
39 60
12 52
13 17
12 61
24 26
24 35
16 49
46 50
17 23
57 59
15 53
38 55
5 39
18 58
6 13
27 45
42 43
0 46
11 46
8 59
0 55
20 33
23 29
31 42
23 38
20 51
4 34
23 47
23 56
4 52
45 53
16 26
22 60
16 35
38 41
5 25
38 59
7 53
18 53
19 27
8 36
27 49
50 51
8 45
42 47
19 54
0 50
11 50
4 11
0 59
12 24
39 41
41 60
4 20
1 5
1 14
1 23
16 21
56 57
3 51
16 30
14 60
26 34
46 58
57 58
49 54
26 52
26 61
27 35
0 18
8 31
11 27
8 40
27 53
19 49
30 49
0 45
11 45
12 19
4 15
33 51
12 37
25 56
22 41
34 52
34 61
15 20
5 6
7 34
18 43
7 52
8 17
27 30
19 26
30 35
0 40
11 49
4 10
33 46
44 46
4 19
44 55
33 55
25 60
22 36
1 13
14 41
3 50
37 52
37 61
7 20
18 20
15 33
15 51
26 51
0 8
19 21
48 57
40 53
19 30
11 26
11 35
33 50
44 50
44 59
2 53
25 55
3 27
14 36
34 51
3 54
7 15
47 60
36 60
26 37
7 33
18 33
26 46
29 39
29 48
11 30
10 34
25 32
33 45
44 45
25 41
10 52
10 61
25 59
14 22
34 37
14 31
3 49
55 59
7 19
36 55
18 28
0 7
40 43
48 56
11 16
6 59
33 40
25 36
14 17
3 26
22 39
3 35
36 41
15 18
36 59
47 59
28 55
9 51
0 2
6 36
29 38
21 34
29 47
29 56
21 52
21 61
10 24
2 20
33 35
33 44
10 51
51 52
3 12
32 48
22 25
51 61
3 21
32 57
43 57
3 30
1 60
28 32
55 58
9 46
5 57
17 59
6 22
9 55
28 59
6 31
40 42
6 58
10 19
2 15
10 37
2 33
32 43
13 39
3 16
13 48
14 25
13 57
17 18
17 36
28 36
28 45
6 8
36 58
6 17
9 50
21 24
20 46
12 51
23 60
13 25
32 38
24 34
3 11
32 47
1 41
24 52
24 61
35 61
5 29
17 31
28 31
17 40
28 40
5 38
5 47
9 45
5 56
58 59
9 54
8 58
20 50
31 59
54 61
4 51
13 29
32 42
1 36
13 38
16 34
13 47
13 56
16 52
46 53
16 61
36 39
38 58
5 42
28 44
9 40
6 25
8 53
42 55
20 27
31 36
20 45
23 41
2 18
23 59
1 22
43 46
24 51
35 51
5 28
9 26
9 35
27 34
27 52
50 54
0 44
42 59
0 53
11 53
2 4
20 40
31 40
23 36
31 58
12 54
4 50
16 24
56 60
24 37
35 37
38 39
5 14
38 48
5 23
38 57
5 32
7 51
19 34
30 34
8 43
19 52
30 52
19 61
30 61
20 35
23 31
20 44
4 27
12 49
13 14
34 46
45 46
13 23
53 59
16 19
37 51
1 39
5 18
15 50
26 50
49 52
49 61
27 51
11 34
0 43
11 52
12 26
44 58
22 48
34 50
1 25
45 50
22 57
15 27
26 27
5 13
46 51
15 45
38 47
26 54
38 56
7 50
0 11
18 59
19 24
48 60
0 20
11 20
8 42
19 51
30 51
41 48
12 21
41 57
33 53
12 30
4 26
25 58
4 35
14 39
34 54
14 48
14 57
7 27
37 49
15 40
38 42
26 49
7 45
18 45
0 15
11 15
8 28
11 24
29 60
19 37
30 37
0 33
11 33
12 16
4 12
52 61
44 57
2 51
22 29
1 6
22 38
3 34
22 47
34 49
22 56
37 54
3 52
3 61
15 35
26 35
18 31
18 40
40 46
8 23
11 19
40 55
21 51
0 28
33 34
41 47
4 7
33 43
41 56
25 39
4 16
25 48
25 57
34 35
14 29
14 38
14 47
14 56
55 57
28 58
17 58
7 35
29 41
6 57
6 66
40 68
41 42
2 50
32 60
2 68
35 65
24 65
15 16
47 57
36 57
28 53
7 30
36 66
47 66
5 60
59 68
29 36
40 45
2 27
25 29
25 38
2 45
25 47
22 23
13 60
16 65
17 39
7 16
28 57
17 57
6 29
58 67
6 47
6 56
40 58
2 40
32 41
35 46
14 23
43 68
36 38
7 11
36 47
5 41
47 56
36 56
5 59
6 42
39 48
39 57
31 53
2 35
4 63
43 45
13 41
1 48
35 50
1 57
13 59
17 29
5 36
17 47
17 56
50 53
6 28
42 58
31 57
4 49
3 4
13 36
35 45
43 58
32 58
35 63
5 22
57 60
5 31
28 33
6 14
6 23
11 65
39 47
2 7
20 43
23 39
2 16
23 57
13 22
23 66
1 29
13 31
4 62
16 27
1 38
43 53
1 47
5 8
5 17
65 68
38 60
9 33
7 63
6 18
27 50
42 57
11 51
42 66
39 42
23 25
2 11
4 30
31 47
13 17
12 61
24 26
32 39
46 50
17 23
57 59
15 53
46 68
15 62
26 62
5 39
6 13
27 45
27 63
23 29
31 42
23 38
20 51
4 34
23 47
23 56
45 53
16 26
22 60
16 35
3 65
38 41
5 25
7 53
18 53
7 62
27 49
50 51
42 47
42 56
11 50
0 50
4 20
0 68
44 65
1 5
1 14
1 23
56 57
1 32
14 60
26 34
57 58
26 61
27 35
8 31
11 27
63 65
27 53
11 45
0 45
33 51
25 56
22 41
34 61
15 20
5 6
26 65
27 30
33 46
4 19
33 55
25 60
1 13
14 41
37 61
7 20
18 20
15 33
15 51
26 51
40 53
48 66
11 26
6 60
33 50
33 68
44 68
2 62
7 15
47 60
36 60
26 37
18 33
29 39
29 66
33 45
44 45
25 41
10 61
14 31
55 68
17 60
9 65
0 7
6 41
48 56
11 16
6 59
33 40
3 26
22 39
3 35
36 41
15 18
47 59
0 2
6 36
29 38
29 47
29 56
21 61
33 35
33 44
51 61
43 57
32 57
35 53
32 66
55 58
5 57
5 66
6 31
28 68
50 65
6 58
2 15
13 39
51 65
13 57
13 66
28 45
6 8
36 58
6 17
9 50
20 46
23 60
13 25
32 38
4 65
32 56
24 61
5 29
17 31
28 31
57 67
5 38
5 47
5 56
58 59
58 68
27 62
6 39
42 60
11 63
20 50
31 59
54 61
20 68
4 51
13 29
1 36
13 38
13 47
13 56
16 61
36 39
38 58
38 67
5 42
6 25
8 53
50 68
20 27
31 36
20 45
23 41
2 18
23 59
1 22
1 31
34 65
45 65
35 51
5 28
57 66
9 26
9 35
7 65
61 63
11 53
0 53
42 68
11 62
2 4
20 40
31 40
23 36
31 58
1 17
4 50
38 39
5 14
38 48
5 23
38 57
7 51
38 66
19 61
30 61
20 35
23 31
41 67
20 44
4 27
13 14
45 46
13 23
53 59
53 68
15 50
26 50
46 65
49 61
15 68
27 51
11 34
44 58
45 50
34 50
1 25
22 57
22 66
15 27
5 13
15 45
38 47
26 54
38 56
7 50
15 63
26 63
0 11
48 60
11 20
0 20
18 68
41 48
41 57
4 26
25 58
14 39
14 66
7 27
15 40
38 42
26 49
7 45
18 45
0 15
29 60
11 33
0 33
52 61
2 51
22 29
1 6
22 38
22 47
22 56
3 61
26 35
18 31
9 68
8 23
41 47
4 7
33 43
25 39
4 16
2 46
25 57
34 35
25 66
14 29
66 67
14 38
14 47
14 56
