15 21
55 57
7 17
15 30
18 26
15 39
28 58
18 35
18 44
0 5
29 41
40 41
0 14
29 50
33 38
41 51
2 32
3 6
33 56
25 52
22 28
14 51
47 48
18 21
28 53
7 30
9 49
21 41
29 54
40 54
21 50
33 42
2 36
10 49
22 23
43 55
3 28
24 60
36 52
28 57
21 27
29 40
10 17
33 37
51 54
2 49
43 50
22 27
24 46
3 23
35 55
16 60
7 11
5 41
47 56
5 50
21 31
40 44
29 44
21 40
10 12
39 48
2 17
20 53
10 30
54 55
25 28
12 58
35 41
3 18
14 18
16 37
35 50
16 46
1 57
13 59
24 59
5 27
28 29
17 38
6 19
9 52
6 28
42 58
21 35
2 12
31 48
23 53
2 30
3 4
24 36
32 49
1 43
13 45
24 45
13 54
9 11
16 59
17 24
46 60
36 37
5 31
17 33
28 42
9 38
6 23
42 44
42 53
19 60
20 34
10 11
39 47
39 56
20 52
23 57
13 22
16 36
16 45
5 8
9 24
38 60
5 35
17 37
49 60
27 41
27 50
30 46
0 51
11 60
23 25
20 38
39 51
2 11
31 47
31 56
12 52
13 26
4 57
13 44
1 51
9 10
38 46
5 21
46 59
26 53
5 39
6 13
8 32
50 56
11 37
8 50
42 52
11 46
19 59
0 55
12 20
20 33
23 29
20 42
12 38
31 51
4 43
53 57
34 53
45 53
1 28
26 57
18 53
27 31
8 27
27 40
19 36
50 51
11 32
19 45
0 41
42 56
0 50
39 41
12 24
52 60
20 37
12 33
4 29
23 42
34 39
1 14
13 16
1 23
3 51
15 34
46 49
38 45
46 58
7 39
18 39
18 48
18 57
27 35
0 18
8 31
27 53
30 49
41 55
23 28
12 37
53 56
45 52
3 55
14 55
26 29
15 38
7 34
15 47
38 49
18 43
15 56
27 39
8 35
0 31
19 44
11 49
41 50
33 46
52 59
4 28
1 4
34 38
22 45
34 47
3 41
14 41
34 56
14 50
37 52
15 33
18 29
7 38
7 47
7 56
8 21
18 56
11 17
29 53
8 30
40 53
0 35
41 54
4 14
44 59
22 40
34 42
37 38
22 58
3 54
7 15
26 28
36 60
7 33
18 42
29 39
11 12
29 48
19 25
0 21
29 57
40 57
11 30
44 45
33 45
52 58
44 54
3 13
25 59
34 37
14 31
22 44
22 53
7 10
36 46
15 32
17 60
7 37
29 43
48 56
21 39
21 48
6 59
10 38
33 40
25 36
33 49
25 45
51 57
3 26
22 39
13 58
14 35
3 44
47 50
17 46
18 23
36 59
9 60
48 51
21 34
6 45
21 43
6 54
29 56
40 56
10 24
10 33
2 38
43 48
14 21
43 57
16 58
17 32
36 45
9 37
5 48
9 46
21 29
29 42
40 42
29 51
40 51
21 47
6 58
2 24
25 26
10 37
32 34
35 39
35 48
1 55
9 32
5 43
36 58
28 54
6 26
6 44
39 50
2 10
20 46
54 57
10 32
23 51
12 60
13 25
2 37
32 38
1 41
35 43
32 56
24 52
28 40
9 36
5 47
17 49
58 59
19 58
31 50
12 46
20 59
23 55
13 20
4 51
32 33
16 25
51 55
43 51
35 47
1 54
16 52
28 44
5 51
6 16
27 48
6 25
39 40
20 36
12 32
2 9
20 45
23 41
12 59
4 55
16 20
32 37
32 46
13 42
35 51
9 17
17 30
27 34
6 20
8 39
8 48
42 59
20 22
20 40
4 23
39 53
12 36
12 45
20 58
4 41
23 54
13 19
1 26
13 28
16 24
45 60
1 35
24 37
5 14
46 52
9 12
26 55
18 51
27 29
8 34
30 34
27 47
42 45
27 56
0 39
19 52
0 48
31 35
4 18
20 44
23 40
1 3
12 49
45 46
13 23
4 54
16 19
37 60
26 41
15 50
38 52
18 55
19 20
27 33
27 42
30 38
8 47
30 47
0 43
8 56
30 56
12 17
41 53
23 26
31 39
44 58
23 44
37 46
45 59
15 27
7 32
18 41
26 54
38 56
18 50
8 15
30 33
19 42
11 38
0 47
41 48
20 25
41 57
33 53
44 53
4 26
10 60
25 58
22 34
34 45
53 58
22 52
14 48
3 57
14 57
15 31
7 27
18 27
26 40
38 42
15 49
18 54
19 28
11 24
30 37
21 56
11 33
41 43
33 39
12 16
10 46
25 44
44 57
22 29
2 60
34 40
34 49
14 43
37 45
22 56
45 58
18 22
59 60
7 31
26 44
18 40
0 1
7 49
48 50
29 55
30 32
21 51
33 34
33 52
2 46
22 33
3 29
22 42
37 49
7 8
