36 53
17 58
5 65
9 63
0 5
48 54
10 27
41 51
2 41
3 6
10 54
33 56
25 61
13 65
47 48
18 21
36 57
47 66
6 43
40 63
31 72
25 47
22 32
16 65
17 39
7 16
59 63
17 75
9 71
25 33
43 50
4 68
35 46
13 46
17 34
55 60
28 43
9 39
28 61
21 40
8 70
10 12
31 53
10 30
39 75
23 67
13 32
14 18
43 54
35 50
32 72
43 72
17 20
24 68
5 36
47 51
28 56
58 75
42 58
6 46
19 65
11 70
2 12
31 57
2 30
12 62
4 58
23 71
24 36
16 32
35 54
9 11
5 22
5 31
28 33
9 29
17 42
8 60
0 65
31 52
12 48
4 44
12 66
24 31
24 49
38 60
57 73
68 73
15 76
7 72
27 50
39 42
42 75
31 65
13 26
34 58
13 35
24 44
46 50
65 72
38 55
57 68
18 58
6 13
19 32
30 41
27 54
30 50
0 46
8 59
20 33
20 42
23 38
4 34
53 57
16 26
56 62
1 46
5 7
37 76
38 59
57 72
49 68
15 66
19 36
0 32
63 70
30 54
8 63
11 59
20 37
44 74
13 16
26 43
38 63
7 57
19 22
27 35
19 31
18 75
52 73
25 56
33 69
3 46
56 61
45 61
15 20
14 64
15 38
38 40
18 34
15 47
7 52
27 30
0 13
48 62
11 40
60 63
25 51
10 62
44 64
33 73
22 36
44 73
1 13
25 69
45 47
3 50
67 71
18 29
59 67
15 42
15 51
9 75
0 26
29 71
21 67
60 67
4 14
10 48
52 72
44 68
22 31
2 62
3 27
51 76
25 73
37 38
37 47
15 37
47 69
59 71
26 46
70 71
17 74
0 3
29 39
9 70
11 21
40 75
29 75
21 71
33 45
2 48
51 62
2 66
37 42
13 72
7 19
26 32
67 70
28 69
48 56
21 39
0 16
6 50
29 70
40 70
21 75
44 49
25 45
10 56
25 54
14 17
51 66
3 26
3 35
16 72
55 63
36 68
59 70
17 64
6 27
58 74
48 51
20 74
10 51
23 70
4 75
24 53
28 50
21 29
40 42
39 55
62 66
20 69
51 56
43 61
24 57
17 18
36 49
28 54
6 26
58 64
6 35
69 73
61 69
19 72
42 74
2 10
20 55
12 51
20 64
23 60
24 34
13 43
35 43
4 74
32 65
61 73
8 67
11 63
54 61
1 27
64 74
16 43
16 52
28 35
9 40
38 76
42 55
30 62
42 64
39 40
8 71
31 36
11 67
20 45
39 58
12 41
54 56
23 59
4 64
43 46
45 74
5 19
49 53
7 65
27 43
50 54
30 48
19 57
60 76
11 71
31 49
23 63
1 26
1 35
53 73
45 69
56 69
9 21
15 55
5 32
49 57
38 66
11 39
19 52
4 18
11 75
41 76
1 3
53 68
64 68
16 28
45 64
14 58
45 73
8 38
52 53
41 62
44 58
22 57
53 72
37 55
34 68
7 32
15 45
38 47
15 63
27 46
11 29
63 67
63 76
21 70
41 48
52 57
44 53
4 17
12 30
41 66
14 39
14 75
55 76
0 6
63 71
2 51
1 6
14 34
34 49
37 45
22 65
7 13
7 22
59 60
26 35
7 31
47 76
28 72
0 1
8 23
40 55
41 47
10 41
44 52
10 50
25 48
33 61
34 44
66 76
