1.272288606179038425e+03
1.115576962400863522e+03
1.101380534951628306e+03
1.481851762936209980e+03
1.572053327850497453e+03
1.097204828972104451e+03
1.519735560640147469e+03
1.539856387501056588e+03
9.648736728299904826e+02
1.166223189914624072e+03
1.669003141583684737e+03
1.350266072669270216e+03
1.222395844899914891e+03
9.465932773418760462e+02
1.315933855687309460e+03
1.009019008690535088e+03
1.452587228563564622e+03
9.275528019574836662e+02
9.308792109064390843e+02
1.532505835893905896e+03
9.867535608785207160e+02
6.948065942256372409e+02
1.554213837241398096e+03
1.067417904937580261e+03
1.115692792533729516e+03
1.416409853317662964e+03
1.689730539096403845e+03
1.763939444149571500e+03
7.602030887680109572e+02
1.141758985836554075e+03
1.480438212756509984e+03
1.398795426195167011e+03
6.373708371982095287e+02
1.621331815058369102e+03
9.727910996803927901e+02
1.168881744362498921e+03
1.591850209503594897e+03
9.698173022232201674e+02
1.578077598404951004e+03
4.485138669244902303e+02
1.681205270512281459e+03
9.059417983631004745e+02
8.841480864592947455e+02
1.300485810589528683e+03
1.701094991368175897e+03
7.429114023668128084e+02
1.193260138565869056e+03
1.193445416417166598e+03
1.847275891472180547e+03
1.704591146616925016e+03
1.541065784026336587e+03
1.648630443617515539e+03
5.341995386823216450e+02
1.019861600318744649e+03
1.374120541193942472e+03
1.490061362230770328e+03
1.415924375561760144e+03
1.359731677229828620e+03
1.332714101973121160e+03
1.299676796771704630e+03
