-1.750000000000000666e+00 -1.083333333333333481e+00 8.333333333333303727e-02
-2.916666666666666075e+00 2.416666666666666963e+00 -1.916666666666666519e+00
1.916666666666666075e+00 -2.500000000000000000e-01 -7.500000000000000000e-01
3.416666666666666075e+00 4.916666666666667851e+00 9.166666666666669627e-01
-1.916666666666666519e+00 -1.916666666666666519e+00 7.500000000000000000e-01
1.250000000000000000e+00 9.166666666666669627e-01 -3.083333333333333925e+00
1.750000000000000000e+00 3.583333333333333925e+00 -4.083333333333333037e+00
-2.500000000000000000e-01 3.416666666666666075e+00 -3.750000000000000000e+00
-2.416666666666666963e+00 3.750000000000000000e+00 2.250000000000000000e+00
-1.083333333333333481e+00 1.583333333333333037e+00 -8.333333333333303727e-02
-2.583333333333333925e+00 -4.583333333333333037e+00 -4.583333333333333037e+00
2.083333333333332149e+00 -3.916666666666666075e+00 -2.500000000000000000e-01
-1.583333333333333037e+00 1.916666666666666075e+00 -2.250000000000000000e+00
-3.083333333333333925e+00 3.250000000000000000e+00 4.583333333333332149e+00
5.833333333333339255e-01 -3.416666666666666963e+00 3.250000000000000000e+00
-4.583333333333333037e+00 3.916666666666666075e+00 1.916666666666666075e+00
2.583333333333333037e+00 2.749999999999998668e+00 1.750000000000000000e+00
-2.750000000000000000e+00 -4.750000000000000000e+00 -2.750000000000000000e+00
-7.500000000000000000e-01 -2.583333333333333925e+00 -2.916666666666666075e+00
-2.250000000000000000e+00 1.083333333333333925e+00 -2.416666666666666963e+00
-1.250000000000000000e+00 -7.500000000000000000e-01 2.083333333333332149e+00
-3.250000000000000000e+00 4.250000000000000000e+00 -4.750000000000000000e+00
1.083333333333333925e+00 -4.916666666666666963e+00 3.083333333333333925e+00
3.750000000000000000e+00 2.499999999999991118e-01 3.583333333333333925e+00
7.500000000000000000e-01 2.250000000000000000e+00 -5.833333333333339255e-01
2.416666666666666963e+00 2.916666666666667851e+00 -1.416666666666666963e+00
-4.916666666666666963e+00 -4.083333333333333037e+00 1.250000000000000000e+00
8.333333333333303727e-02 -4.250000000000000000e+00 2.583333333333333037e+00
4.250000000000000000e+00 4.416666666666666075e+00 2.916666666666667851e+00
3.916666666666666075e+00 -8.333333333333303727e-02 -2.083333333333333925e+00
-2.083333333333333925e+00 -2.250000000000000000e+00 -3.416666666666666963e+00
4.916666666666667851e+00 -3.583333333333333925e+00 2.499999999999991118e-01
2.250000000000000000e+00 1.750000000000000000e+00 4.416666666666666075e+00
3.250000000000000000e+00 -2.416666666666666963e+00 1.416666666666666075e+00
4.083333333333333925e+00 4.166666666666678509e-01 3.416666666666666075e+00
-8.333333333333303727e-02 -1.583333333333333037e+00 4.750000000000000000e+00
2.749999999999998668e+00 -1.416666666666666963e+00 2.749999999999998668e+00
4.416666666666666075e+00 -3.250000000000000000e+00 -3.916666666666666075e+00
-3.583333333333333925e+00 -3.750000000000000000e+00 -1.750000000000000666e+00
4.750000000000000000e+00 4.083333333333333925e+00 3.916666666666666075e+00
3.583333333333333925e+00 1.416666666666666075e+00 -4.416666666666666963e+00
2.499999999999991118e-01 4.583333333333332149e+00 -1.250000000000000000e+00
9.166666666666669627e-01 -3.083333333333333925e+00 -1.083333333333333481e+00
-4.750000000000000000e+00 7.500000000000000000e-01 -1.583333333333333037e+00
-4.416666666666666963e+00 2.583333333333333037e+00 -9.166666666666669627e-01
-3.416666666666666963e+00 -4.166666666666660745e-01 4.083333333333333925e+00
-5.833333333333339255e-01 3.083333333333333925e+00 4.250000000000000000e+00
-9.166666666666669627e-01 5.833333333333339255e-01 -4.166666666666660745e-01
3.083333333333333925e+00 -1.250000000000000000e+00 -4.250000000000000000e+00
-4.250000000000000000e+00 1.250000000000000000e+00 -2.583333333333333925e+00
1.416666666666666075e+00 -1.750000000000000666e+00 4.916666666666667851e+00
1.583333333333333037e+00 -4.416666666666666963e+00 -3.583333333333333925e+00
4.583333333333332149e+00 -2.916666666666666075e+00 3.750000000000000000e+00
-1.416666666666666963e+00 4.750000000000000000e+00 5.833333333333339255e-01
-4.166666666666660745e-01 -2.083333333333333925e+00 -4.916666666666666963e+00
2.916666666666667851e+00 -9.166666666666669627e-01 2.416666666666666963e+00
-4.083333333333333037e+00 8.333333333333303727e-02 -3.250000000000000000e+00
-3.916666666666666075e+00 -2.750000000000000000e+00 1.583333333333333037e+00
-3.750000000000000000e+00 2.083333333333332149e+00 1.083333333333333925e+00
4.166666666666678509e-01 -5.833333333333339255e-01 4.166666666666678509e-01
