-9.626000000000000512e+01
-9.468000000000000682e+01
-8.400000000000000000e+01
-8.659000000000000341e+01
-3.814000000000000057e+01
-2.237999999999999901e+01
-9.995000000000000284e+01
-3.546000000000000085e+01
-9.854000000000000625e+01
-6.712000000000000455e+01
-9.712999999999999545e+01
-9.501000000000000512e+01
-9.948000000000000398e+01
-9.959999999999999432e+01
-8.029000000000000625e+01
-4.885000000000000142e+01
-9.809000000000000341e+01
-5.114999999999999858e+01
-9.934000000000000341e+01
-9.231999999999999318e+01
-8.400000000000000000e+01
-9.864000000000000057e+01
-9.600000000000000000e+01
-7.104999999999999716e+01
-9.617000000000000171e+01
-9.215999999999999659e+01
-5.172999999999999687e+01
-8.787000000000000455e+01
-9.909999999999999432e+01
-9.992000000000000171e+01
-9.901000000000000512e+01
-9.909999999999999432e+01
-9.878000000000000114e+01
-9.512000000000000455e+01
-6.712000000000000455e+01
-9.406000000000000227e+01
-9.590999999999999659e+01
-9.706999999999999318e+01
-9.950000000000000000e+01
-8.762000000000000455e+01
-9.406000000000000227e+01
-9.279999999999999716e+01
-9.860999999999999943e+01
-9.790999999999999659e+01
-8.904999999999999716e+01
-9.959999999999999432e+01
-9.989000000000000057e+01
-9.532999999999999829e+01
-9.726000000000000512e+01
-7.840999999999999659e+01
-9.943999999999999773e+01
-9.231999999999999318e+01
-9.642000000000000171e+01
-9.501000000000000512e+01
-9.543000000000000682e+01
-9.956000000000000227e+01
-9.031999999999999318e+01
-9.479000000000000625e+01
-7.468999999999999773e+01
-6.401000000000000512e+01
-9.889000000000000057e+01
-8.459999999999999432e+01
-9.965000000000000568e+01
-7.198999999999999488e+01
-9.809000000000000341e+01
-7.554999999999999716e+01
-7.512000000000000455e+01
-9.279999999999999716e+01
-8.659000000000000341e+01
-9.843999999999999773e+01
-4.145000000000000284e+01
-5.459000000000000341e+01
-9.431999999999999318e+01
-9.946999999999999886e+01
-9.860999999999999943e+01
-9.982999999999999829e+01
-9.885999999999999943e+01
-7.681000000000000227e+01
-9.820999999999999375e+01
-6.454000000000000625e+01
-7.468999999999999773e+01
-9.323999999999999488e+01
-8.204999999999999716e+01
-9.765999999999999659e+01
-9.837000000000000455e+01
-8.881999999999999318e+01
-9.979999999999999716e+01
-3.389999999999999858e+01
-9.609000000000000341e+01
-6.609999999999999432e+01
-5.799000000000000199e+01
-9.353000000000000114e+01
-5.965999999999999659e+01
-9.737999999999999545e+01
-9.951000000000000512e+01
-9.456000000000000227e+01
-9.231999999999999318e+01
-9.889000000000000057e+01
-9.800000000000000000e+01
-9.968000000000000682e+01
-8.029000000000000625e+01
-9.215999999999999659e+01
-4.370000000000000284e+01
-9.642000000000000171e+01
-9.553000000000000114e+01
-9.889000000000000057e+01
-6.454000000000000625e+01
-9.993000000000000682e+01
-9.490000000000000568e+01
-9.090999999999999659e+01
-9.679000000000000625e+01
-9.479000000000000625e+01
-9.600000000000000000e+01
-9.960999999999999943e+01
-7.917000000000000171e+01
-9.948999999999999488e+01
-9.145999999999999375e+01
-9.145999999999999375e+01
-9.512000000000000455e+01
-9.925000000000000000e+01
-4.427000000000000313e+01
-9.323999999999999488e+01
-9.934000000000000341e+01
-8.990999999999999659e+01
-9.581999999999999318e+01
-9.984999999999999432e+01
-8.548000000000000398e+01
-9.781000000000000227e+01
-9.679000000000000625e+01
-9.909999999999999432e+01
-9.968000000000000682e+01
-9.679000000000000625e+01
-8.400000000000000000e+01
-9.164000000000000057e+01
-8.518999999999999773e+01
-7.009999999999999432e+01
-9.873000000000000398e+01
-9.418999999999999773e+01
-9.976000000000000512e+01
-8.304000000000000625e+01
-9.353000000000000114e+01
-9.532999999999999829e+01
-9.864000000000000057e+01
-7.335999999999999943e+01
-8.881999999999999318e+01
-9.468000000000000682e+01
-8.204999999999999716e+01
-9.634000000000000341e+01
-9.665000000000000568e+01
-7.381000000000000227e+01
-9.309999999999999432e+01
-9.973999999999999488e+01
-4.654999999999999716e+01
-9.982999999999999829e+01
-9.431999999999999318e+01
-9.379999999999999716e+01
-9.903000000000000114e+01
-9.393999999999999773e+01
-8.576999999999999602e+01
-8.684999999999999432e+01
-9.995000000000000284e+01
-9.968000000000000682e+01
-9.820999999999999375e+01
-9.984999999999999432e+01
-9.759999999999999432e+01
-6.401000000000000512e+01
-9.901000000000000512e+01
-9.737999999999999545e+01
-9.706999999999999318e+01
-9.215999999999999659e+01
-6.712000000000000455e+01
-7.917000000000000171e+01
-8.881999999999999318e+01
-7.720999999999999375e+01
-9.979000000000000625e+01
-9.776000000000000512e+01
-8.204999999999999716e+01
-9.785999999999999943e+01
-9.181999999999999318e+01
-8.810999999999999943e+01
-9.979999999999999716e+01
-7.104999999999999716e+01
-8.135999999999999943e+01
-9.737999999999999545e+01
-9.978000000000000114e+01
-9.881000000000000227e+01
-8.518999999999999773e+01
-9.889000000000000057e+01
-9.870000000000000284e+01
-8.135999999999999943e+01
-1.423000000000000043e+01
-9.909999999999999432e+01
-9.553000000000000114e+01
-9.512000000000000455e+01
-8.762000000000000455e+01
-9.965000000000000568e+01
-9.393999999999999773e+01
-9.901000000000000512e+01
-9.950000000000000000e+01
-8.400000000000000000e+01
-8.948999999999999488e+01
-9.951000000000000512e+01
-7.801000000000000512e+01
-5.402000000000000313e+01
-9.726000000000000512e+01
-2.319000000000000128e+01
-9.339000000000000057e+01
-9.532999999999999829e+01
-6.506000000000000227e+01
-9.731999999999999318e+01
-8.904999999999999716e+01
-9.215999999999999659e+01
-9.967000000000000171e+01
-5.345000000000000284e+01
-8.101000000000000512e+01
-4.711999999999999744e+01
-9.109999999999999432e+01
-9.931000000000000227e+01
-7.992000000000000171e+01
-9.367000000000000171e+01
-6.293999999999999773e+01
-9.846999999999999886e+01
-9.990999999999999659e+01
-8.970000000000000284e+01
-9.870000000000000284e+01
-9.937000000000000455e+01
-8.881999999999999318e+01
-9.339000000000000057e+01
-9.543000000000000682e+01
-9.860999999999999943e+01
-9.693000000000000682e+01
-5.572999999999999687e+01
-6.506000000000000227e+01
-9.198999999999999488e+01
-9.935999999999999943e+01
-9.943999999999999773e+01
-9.656999999999999318e+01
-5.572999999999999687e+01
-9.393999999999999773e+01
-9.731999999999999318e+01
-5.572999999999999687e+01
-9.523000000000000398e+01
-7.596999999999999886e+01
-9.940999999999999659e+01
-9.609000000000000341e+01
-9.198999999999999488e+01
-9.071999999999999886e+01
-9.959999999999999432e+01
-9.634000000000000341e+01
-9.456000000000000227e+01
-9.990999999999999659e+01
-8.710999999999999943e+01
-9.468000000000000682e+01
-3.814000000000000057e+01
-9.543000000000000682e+01
-1.898999999999999844e+01
-9.928000000000000114e+01
-9.956999999999999318e+01
-3.653000000000000114e+01
-1.935000000000000142e+01
-8.948999999999999488e+01
-9.837000000000000455e+01
-4.827000000000000313e+01
-9.971999999999999886e+01
-6.239999999999999858e+01
-8.810999999999999943e+01
-8.135999999999999943e+01
-7.198999999999999488e+01
-8.970000000000000284e+01
-9.881000000000000227e+01
-9.914000000000000057e+01
-9.979000000000000625e+01
-7.104999999999999716e+01
-7.245000000000000284e+01
-9.731999999999999318e+01
-9.987999999999999545e+01
-9.071999999999999886e+01
-9.031999999999999318e+01
-9.935999999999999943e+01
-9.809000000000000341e+01
-8.271999999999999886e+01
-9.979999999999999716e+01
-9.700000000000000000e+01
-9.970999999999999375e+01
-9.164000000000000057e+01
-9.881000000000000227e+01
-9.562999999999999545e+01
-9.829000000000000625e+01
-9.953000000000000114e+01
-9.720000000000000284e+01
-5.114999999999999858e+01
-4.597999999999999687e+01
-9.031999999999999318e+01
-8.065000000000000568e+01
-9.323999999999999488e+01
-8.990999999999999659e+01
-9.971999999999999886e+01
-9.679000000000000625e+01
-7.879000000000000625e+01
-4.370000000000000284e+01
-9.979999999999999716e+01
-9.959000000000000341e+01
-9.800000000000000000e+01
-9.840000000000000568e+01
-9.812999999999999545e+01
-9.776000000000000512e+01
-9.864000000000000057e+01
-9.992000000000000171e+01
-9.948999999999999488e+01
-9.109999999999999432e+01
-9.967000000000000171e+01
-8.659000000000000341e+01
-9.970000000000000284e+01
-4.089000000000000057e+01
-8.710999999999999943e+01
-9.829000000000000625e+01
-7.917000000000000171e+01
-9.145999999999999375e+01
-8.810999999999999943e+01
-9.923000000000000398e+01
-9.726000000000000512e+01
-9.264000000000000057e+01
-9.323999999999999488e+01
-9.965999999999999659e+01
-9.979999999999999716e+01
-8.101000000000000512e+01
-9.626000000000000512e+01
-8.834999999999999432e+01
-9.982999999999999829e+01
-9.743999999999999773e+01
-9.870000000000000284e+01
-9.731999999999999318e+01
-6.401000000000000512e+01
-4.200999999999999801e+01
-9.737999999999999545e+01
-9.181999999999999318e+01
-7.468999999999999773e+01
-9.181999999999999318e+01
-9.543000000000000682e+01
-9.928000000000000114e+01
-9.984999999999999432e+01
-9.490000000000000568e+01
-7.009999999999999432e+01
-7.879000000000000625e+01
-7.335999999999999943e+01
-7.198999999999999488e+01
-6.912000000000000455e+01
-7.681000000000000227e+01
-9.279999999999999716e+01
-9.820999999999999375e+01
-9.309999999999999432e+01
-9.553000000000000114e+01
-9.884000000000000341e+01
-2.664000000000000057e+01
-9.737999999999999545e+01
-9.800000000000000000e+01
-9.309999999999999432e+01
-9.671999999999999886e+01
-7.425000000000000000e+01
-9.973999999999999488e+01
-9.829000000000000625e+01
-5.572999999999999687e+01
-9.706999999999999318e+01
-9.617000000000000171e+01
-9.323999999999999488e+01
-9.984000000000000341e+01
-9.929999999999999716e+01
-9.790999999999999659e+01
-7.762000000000000455e+01
-9.987999999999999545e+01
-8.239000000000000057e+01
-9.979000000000000625e+01
-6.862999999999999545e+01
-9.581999999999999318e+01
-9.904999999999999716e+01
-9.759999999999999432e+01
-9.523000000000000398e+01
-9.870000000000000284e+01
-9.820999999999999375e+01
-9.543000000000000682e+01
-9.198999999999999488e+01
-9.379999999999999716e+01
-8.990999999999999659e+01
-6.609999999999999432e+01
-7.954999999999999716e+01
-8.948999999999999488e+01
-9.864000000000000057e+01
-9.840000000000000568e+01
-9.553000000000000114e+01
-9.743999999999999773e+01
-3.442000000000000171e+01
-8.762000000000000455e+01
-9.731999999999999318e+01
-9.790999999999999659e+01
-9.553000000000000114e+01
-9.993999999999999773e+01
-9.940000000000000568e+01
-8.548000000000000398e+01
-7.512000000000000455e+01
-9.693000000000000682e+01
-5.459000000000000341e+01
-8.518999999999999773e+01
-9.231999999999999318e+01
-8.859000000000000341e+01
-1.509999999999999964e+01
-9.770999999999999375e+01
-9.959999999999999432e+01
-9.990000000000000568e+01
-7.879000000000000625e+01
-9.406000000000000227e+01
-9.800000000000000000e+01
-9.970999999999999375e+01
-9.731999999999999318e+01
-9.562999999999999545e+01
-3.339000000000000057e+01
-9.985999999999999943e+01
-9.990000000000000568e+01
-9.809000000000000341e+01
-9.720000000000000284e+01
-8.762000000000000455e+01
-9.860999999999999943e+01
-1.117999999999999972e+01
-9.781000000000000227e+01
-9.857999999999999829e+01
-9.860999999999999943e+01
-9.562999999999999545e+01
-9.881000000000000227e+01
-8.926999999999999602e+01
-9.781000000000000227e+01
-8.490000000000000568e+01
-8.684999999999999432e+01
-9.943999999999999773e+01
-9.712999999999999545e+01
-9.940000000000000568e+01
-9.543000000000000682e+01
-9.860999999999999943e+01
-7.245000000000000284e+01
-2.319000000000000128e+01
-9.851000000000000512e+01
-9.571999999999999886e+01
-9.770999999999999375e+01
-8.135999999999999943e+01
-9.800000000000000000e+01
-9.790999999999999659e+01
-9.918999999999999773e+01
-8.604999999999999716e+01
-9.671999999999999886e+01
-6.960999999999999943e+01
-9.939000000000000057e+01
-8.926999999999999602e+01
-9.012000000000000455e+01
-9.090999999999999659e+01
-9.231999999999999318e+01
-6.506000000000000227e+01
-9.909999999999999432e+01
-9.860999999999999943e+01
-9.523000000000000398e+01
-9.901000000000000512e+01
-9.943999999999999773e+01
-9.700000000000000000e+01
-6.960999999999999943e+01
-9.600000000000000000e+01
-8.271999999999999886e+01
-4.770000000000000284e+01
-9.920999999999999375e+01
-9.590999999999999659e+01
-9.031999999999999318e+01
-9.987000000000000455e+01
-9.456000000000000227e+01
-8.904999999999999716e+01
-4.089000000000000057e+01
-9.959000000000000341e+01
-9.581999999999999318e+01
-8.990999999999999659e+01
-8.204999999999999716e+01
-9.339000000000000057e+01
-6.131000000000000227e+01
-9.918999999999999773e+01
-8.710999999999999943e+01
-9.948999999999999488e+01
-9.617000000000000171e+01
-9.523000000000000398e+01
-9.785999999999999943e+01
-9.832999999999999829e+01
-9.959000000000000341e+01
-9.754999999999999716e+01
-9.781000000000000227e+01
-9.231999999999999318e+01
-5.402000000000000313e+01
-9.479000000000000625e+01
-8.881999999999999318e+01
-9.812999999999999545e+01
-9.973000000000000398e+01
-9.650000000000000000e+01
-9.456000000000000227e+01
-6.912000000000000455e+01
-9.650000000000000000e+01
-8.029000000000000625e+01
-6.862999999999999545e+01
-9.737999999999999545e+01
-9.571999999999999886e+01
-5.854999999999999716e+01
-9.164000000000000057e+01
-9.851000000000000512e+01
-1.971000000000000085e+01
-9.881000000000000227e+01
-9.642000000000000171e+01
-6.912000000000000455e+01
-9.885999999999999943e+01
-9.581999999999999318e+01
-9.581999999999999318e+01
-9.937000000000000455e+01
-8.604999999999999716e+01
-5.572999999999999687e+01
-2.894999999999999929e+01
-9.617000000000000171e+01
-6.454000000000000625e+01
-9.840000000000000568e+01
-9.990999999999999659e+01
-9.829000000000000625e+01
-9.987000000000000455e+01
-9.870000000000000284e+01
-5.288000000000000256e+01
-9.809000000000000341e+01
-6.660999999999999943e+01
-9.295000000000000284e+01
-9.109999999999999432e+01
-9.881000000000000227e+01
-9.979999999999999716e+01
-8.604999999999999716e+01
-9.973000000000000398e+01
-9.956999999999999318e+01
-2.708999999999999986e+01
-9.940999999999999659e+01
-5.685999999999999943e+01
-9.748999999999999488e+01
-9.987999999999999545e+01
-8.787000000000000455e+01
-9.979999999999999716e+01
-9.909999999999999432e+01
-4.034000000000000341e+01
-9.985999999999999943e+01
-9.973000000000000398e+01
-9.973999999999999488e+01
-9.071999999999999886e+01
-9.976000000000000512e+01
-8.881999999999999318e+01
-6.239999999999999858e+01
-8.101000000000000512e+01
-9.353000000000000114e+01
-9.895999999999999375e+01
-7.801000000000000512e+01
-8.604999999999999716e+01
-9.748999999999999488e+01
-9.837000000000000455e+01
-9.800000000000000000e+01
-8.459999999999999432e+01
-8.970000000000000284e+01
-2.198999999999999844e+01
-9.990999999999999659e+01
-9.609000000000000341e+01
-9.973000000000000398e+01
-6.712000000000000455e+01
-7.639000000000000057e+01
-8.548000000000000398e+01
-7.720999999999999375e+01
-3.087999999999999901e+01
-9.881000000000000227e+01
-6.862999999999999545e+01
-9.889000000000000057e+01
-7.009999999999999432e+01
-7.198999999999999488e+01
-8.548000000000000398e+01
-4.711999999999999744e+01
-9.353000000000000114e+01
-9.851000000000000512e+01
-9.109999999999999432e+01
-9.881000000000000227e+01
-7.245000000000000284e+01
-9.907999999999999829e+01
-9.892000000000000171e+01
-9.992000000000000171e+01
-9.790999999999999659e+01
-9.967000000000000171e+01
-9.650000000000000000e+01
-9.770999999999999375e+01
-9.071999999999999886e+01
-9.571999999999999886e+01
-9.264000000000000057e+01
-9.840000000000000568e+01
-9.893999999999999773e+01
-9.617000000000000171e+01
-9.884000000000000341e+01
-9.609000000000000341e+01
-9.642000000000000171e+01
-9.748999999999999488e+01
-7.801000000000000512e+01
-6.077000000000000313e+01
-8.304000000000000625e+01
-5.345000000000000284e+01
-7.381000000000000227e+01
-7.720999999999999375e+01
-9.754999999999999716e+01
-9.901000000000000512e+01
-9.978000000000000114e+01
-9.720000000000000284e+01
-9.959999999999999432e+01
-9.720000000000000284e+01
-9.987000000000000455e+01
-9.825000000000000000e+01
-9.881000000000000227e+01
-9.995000000000000284e+01
-8.304000000000000625e+01
-9.479000000000000625e+01
-2.989999999999999858e+01
-9.851000000000000512e+01
-9.164000000000000057e+01
-9.990999999999999659e+01
-9.323999999999999488e+01
-8.737000000000000455e+01
-9.523000000000000398e+01
-8.576999999999999602e+01
-8.684999999999999432e+01
-9.590999999999999659e+01
-9.181999999999999318e+01
-9.929999999999999716e+01
-9.918999999999999773e+01
-9.860999999999999943e+01
-9.860999999999999943e+01
-6.762999999999999545e+01
-6.346999999999999886e+01
-9.964000000000000057e+01
-7.917000000000000171e+01
-9.820999999999999375e+01
-7.335999999999999943e+01
-9.656999999999999318e+01
-9.490000000000000568e+01
-9.706999999999999318e+01
-9.870000000000000284e+01
-9.295000000000000284e+01
-7.198999999999999488e+01
-9.870000000000000284e+01
-9.379999999999999716e+01
-7.512000000000000455e+01
-2.007999999999999829e+01
-7.468999999999999773e+01
-9.985999999999999943e+01
-9.198999999999999488e+01
-9.231999999999999318e+01
-9.490000000000000568e+01
-5.172999999999999687e+01
-9.145999999999999375e+01
-9.642000000000000171e+01
-8.518999999999999773e+01
-9.989000000000000057e+01
-7.954999999999999716e+01
-9.109999999999999432e+01
-9.951999999999999602e+01
-9.671999999999999886e+01
-9.829000000000000625e+01
-6.812999999999999545e+01
-9.590999999999999659e+01
-9.950000000000000000e+01
-6.912000000000000455e+01
-9.295000000000000284e+01
-9.431999999999999318e+01
-4.427000000000000313e+01
-9.957999999999999829e+01
-9.512000000000000455e+01
-9.754999999999999716e+01
-9.881000000000000227e+01
-7.381000000000000227e+01
-9.468000000000000682e+01
-9.956999999999999318e+01
-9.820999999999999375e+01
-9.759999999999999432e+01
-9.817000000000000171e+01
-9.790999999999999659e+01
-9.889000000000000057e+01
-9.809000000000000341e+01
-9.946999999999999886e+01
-9.970000000000000284e+01
-9.309999999999999432e+01
-7.057999999999999829e+01
-7.009999999999999432e+01
-9.959000000000000341e+01
-9.851000000000000512e+01
-7.104999999999999716e+01
-3.236999999999999744e+01
-2.278999999999999915e+01
-9.512000000000000455e+01
-9.164000000000000057e+01
-8.737000000000000455e+01
-9.812999999999999545e+01
-8.810999999999999943e+01
-9.940000000000000568e+01
-4.540999999999999659e+01
-8.834999999999999432e+01
-9.367000000000000171e+01
-7.381000000000000227e+01
-6.660999999999999943e+01
-8.204999999999999716e+01
-9.431999999999999318e+01
-4.654999999999999716e+01
-8.990999999999999659e+01
-9.012000000000000455e+01
-9.456000000000000227e+01
-9.626000000000000512e+01
-9.964000000000000057e+01
-9.809000000000000341e+01
-6.401000000000000512e+01
-8.400000000000000000e+01
-9.867000000000000171e+01
-9.198999999999999488e+01
-7.153000000000000114e+01
-9.889000000000000057e+01
-9.870000000000000284e+01
-9.671999999999999886e+01
-9.720000000000000284e+01
-9.700000000000000000e+01
-8.926999999999999602e+01
-8.204999999999999716e+01
-9.940000000000000568e+01
-9.264000000000000057e+01
-9.889000000000000057e+01
-6.401000000000000512e+01
-9.215999999999999659e+01
-7.917000000000000171e+01
-5.172999999999999687e+01
-9.145999999999999375e+01
-7.801000000000000512e+01
-9.970000000000000284e+01
-4.484000000000000341e+01
-9.837000000000000455e+01
-9.765999999999999659e+01
-9.671999999999999886e+01
-8.368000000000000682e+01
-3.493999999999999773e+01
-8.659000000000000341e+01
-9.809000000000000341e+01
-3.493999999999999773e+01
-9.512000000000000455e+01
-9.759999999999999432e+01
-9.901000000000000512e+01
-9.665000000000000568e+01
-9.854000000000000625e+01
-9.626000000000000512e+01
-6.660999999999999943e+01
-9.128000000000000114e+01
-5.629999999999999716e+01
-9.854000000000000625e+01
-9.857999999999999829e+01
-9.864000000000000057e+01
-9.562999999999999545e+01
-9.634000000000000341e+01
-9.981000000000000227e+01
-9.600000000000000000e+01
-9.581999999999999318e+01
-9.543000000000000682e+01
-9.873000000000000398e+01
-9.840000000000000568e+01
-9.353000000000000114e+01
-9.181999999999999318e+01
-7.198999999999999488e+01
-9.248000000000000398e+01
-9.145999999999999375e+01
-5.402000000000000313e+01
-9.367000000000000171e+01
-5.345000000000000284e+01
-9.790999999999999659e+01
-9.712999999999999545e+01
-4.370000000000000284e+01
-6.401000000000000512e+01
-9.951000000000000512e+01
-9.945000000000000284e+01
-7.596999999999999886e+01
-8.065000000000000568e+01
-8.400000000000000000e+01
-8.239000000000000057e+01
-9.840000000000000568e+01
-9.965999999999999659e+01
-9.881000000000000227e+01
-9.881000000000000227e+01
-8.990999999999999659e+01
-6.762999999999999545e+01
-9.970999999999999375e+01
-9.501000000000000512e+01
-9.765999999999999659e+01
-9.840000000000000568e+01
-9.964000000000000057e+01
-9.889000000000000057e+01
-9.870000000000000284e+01
-9.832999999999999829e+01
-9.731999999999999318e+01
-8.810999999999999943e+01
-8.990999999999999659e+01
-9.523000000000000398e+01
-9.781000000000000227e+01
-9.731999999999999318e+01
-4.942000000000000171e+01
-9.456000000000000227e+01
-7.153000000000000114e+01
-9.968000000000000682e+01
-9.800000000000000000e+01
-7.554999999999999716e+01
-9.490000000000000568e+01
-9.617000000000000171e+01
-9.870000000000000284e+01
-9.248000000000000398e+01
-9.912000000000000455e+01
-7.198999999999999488e+01
-8.065000000000000568e+01
-9.881000000000000227e+01
-9.215999999999999659e+01
-3.706000000000000227e+01
-9.904999999999999716e+01
-9.915999999999999659e+01
-9.932999999999999829e+01
-9.993000000000000682e+01
-2.755000000000000071e+01
-9.712999999999999545e+01
-9.642000000000000171e+01
-9.145999999999999375e+01
-9.748999999999999488e+01
-9.456000000000000227e+01
-9.959999999999999432e+01
-9.665000000000000568e+01
-3.339000000000000057e+01
-8.368000000000000682e+01
-9.665000000000000568e+01
-9.993999999999999773e+01
-9.992000000000000171e+01
-8.990999999999999659e+01
-9.939000000000000057e+01
-6.077000000000000313e+01
-9.976999999999999602e+01
-9.737999999999999545e+01
-5.965999999999999659e+01
-7.009999999999999432e+01
-4.885000000000000142e+01
-9.820999999999999375e+01
-7.596999999999999886e+01
-9.781000000000000227e+01
-9.679000000000000625e+01
-9.164000000000000057e+01
-8.604999999999999716e+01
-9.737999999999999545e+01
-9.553000000000000114e+01
-9.960999999999999943e+01
-9.323999999999999488e+01
-9.309999999999999432e+01
-8.239000000000000057e+01
-8.368000000000000682e+01
-9.339000000000000057e+01
-8.859000000000000341e+01
-8.904999999999999716e+01
-9.982999999999999829e+01
-9.490000000000000568e+01
-9.456000000000000227e+01
-7.720999999999999375e+01
-9.031999999999999318e+01
-8.834999999999999432e+01
-9.867000000000000171e+01
-9.956000000000000227e+01
-9.851000000000000512e+01
-9.956999999999999318e+01
-8.304000000000000625e+01
-8.101000000000000512e+01
-9.975000000000000000e+01
-9.889000000000000057e+01
-9.984999999999999432e+01
-5.572999999999999687e+01
-9.051999999999999602e+01
-2.708999999999999986e+01
-9.860999999999999943e+01
-9.198999999999999488e+01
-9.109999999999999432e+01
-9.581999999999999318e+01
-9.215999999999999659e+01
-6.960999999999999943e+01
-9.468000000000000682e+01
-8.065000000000000568e+01
-9.687000000000000455e+01
-9.918999999999999773e+01
-9.829000000000000625e+01
-9.720000000000000284e+01
-9.679000000000000625e+01
-9.295000000000000284e+01
-9.231999999999999318e+01
-9.800000000000000000e+01
-8.859000000000000341e+01
-9.881000000000000227e+01
-9.490000000000000568e+01
-9.800000000000000000e+01
-9.456000000000000227e+01
-8.239000000000000057e+01
-9.353000000000000114e+01
-8.659000000000000341e+01
-9.679000000000000625e+01
-9.759999999999999432e+01
-1.263000000000000078e+01
-9.071999999999999886e+01
-9.706999999999999318e+01
-9.840000000000000568e+01
-6.021999999999999886e+01
-9.626000000000000512e+01
-9.840000000000000568e+01
-4.484000000000000341e+01
-9.532999999999999829e+01
-9.951000000000000512e+01
-9.945000000000000284e+01
-9.617000000000000171e+01
-9.817000000000000171e+01
-9.964000000000000057e+01
-9.965999999999999659e+01
-7.425000000000000000e+01
-9.748999999999999488e+01
-9.931000000000000227e+01
-7.153000000000000114e+01
-9.881000000000000227e+01
-9.295000000000000284e+01
-9.985999999999999943e+01
-6.293999999999999773e+01
-7.879000000000000625e+01
-8.684999999999999432e+01
-9.770999999999999375e+01
-7.762000000000000455e+01
-9.642000000000000171e+01
-9.164000000000000057e+01
-9.748999999999999488e+01
-9.128000000000000114e+01
-9.820999999999999375e+01
-7.879000000000000625e+01
-8.990999999999999659e+01
-6.762999999999999545e+01
-9.918999999999999773e+01
-9.978000000000000114e+01
-2.198999999999999844e+01
-9.870000000000000284e+01
-9.926000000000000512e+01
-9.198999999999999488e+01
-9.918999999999999773e+01
-9.553000000000000114e+01
-9.431999999999999318e+01
-6.712000000000000455e+01
-9.512000000000000455e+01
-9.781000000000000227e+01
-2.082999999999999829e+01
-9.829000000000000625e+01
-9.781000000000000227e+01
-9.759999999999999432e+01
-8.204999999999999716e+01
-9.562999999999999545e+01
-9.600000000000000000e+01
-7.290999999999999659e+01
-9.990999999999999659e+01
-8.810999999999999943e+01
-9.795000000000000284e+01
-9.820999999999999375e+01
-8.548000000000000398e+01
