6.219999800000000079e+00
3.859999900000000039e+00
4.090000200000000419e+00
5.935409099999998439e+00
4.840000200000000419e+00
6.540000000000000036e+00
6.119999900000001603e+00
6.519999999999999574e+00
4.579999900000001567e+00
6.650000099999998859e+00
6.119999900000001603e+00
5.790000000000000036e+00
5.290000000000000036e+00
4.739999799999999652e+00
4.349999900000000252e+00
4.309999900000000217e+00
4.280000199999999921e+00
4.400000099999999748e+00
4.510000200000000348e+00
4.150000100000001524e+00
4.019999999999999574e+00
4.000000000000000000e+00
4.440000099999999783e+00
6.209999999999999964e+00
4.980000000000000426e+00
6.125000000000000000e+00
5.280000199999999921e+00
5.780000199999999921e+00
6.070000199999999957e+00
6.510000200000000348e+00
5.699999799999999617e+00
4.099999899999998476e+00
5.690000099999999783e+00
4.829999900000001567e+00
5.280000199999999921e+00
4.679999800000000043e+00
4.739999799999999652e+00
5.820000199999999957e+00
5.820000199999999957e+00
4.409999799999999581e+00
4.440000099999999783e+00
5.820000199999999957e+00
5.260000200000000348e+00
5.099999900000000252e+00
5.170000099999998433e+00
4.659999799999999581e+00
5.679999800000000043e+00
4.340000200000000419e+00
4.850999800000000306e+00
4.690000099999999783e+00
6.170000099999998433e+00
4.929999800000000043e+00
4.389999900000000288e+00
4.110000100000001488e+00
7.119999900000001603e+00
7.389999900000001176e+00
7.340000200000000419e+00
4.519999999999999574e+00
4.199999799999999617e+00
4.540000000000000036e+00
5.300000200000000383e+00
4.329999900000001567e+00
4.709999999999999964e+00
6.159999799999999581e+00
5.209999999999999964e+00
6.152499699999999905e+00
5.410999799999999915e+00
4.659999799999999581e+00
4.329999900000001567e+00
4.655000199999999921e+00
5.800000200000000383e+00
4.679999800000000043e+00
5.340000200000000419e+00
4.730000000000000426e+00
5.699999799999999617e+00
4.550000200000000383e+00
4.510000200000000348e+00
5.579999900000001567e+00
4.545000099999998433e+00
6.699999799999999617e+00
4.650000099999999748e+00
7.050000200000000383e+00
6.150000099999999748e+00
5.840000200000000419e+00
4.987000000000000099e+00
4.719999800000000079e+00
5.349999900000000252e+00
4.510000200000000348e+00
6.400000099999999748e+00
4.690000099999999783e+00
7.619999900000001603e+00
5.400000099999999748e+00
4.959999999999999964e+00
5.329999900000001567e+00
4.927999999999999936e+00
4.860000099999999712e+00
4.510000200000000348e+00
4.699999799999999617e+00
4.750000000000000000e+00
5.378171000000000035e+00
4.570000199999999957e+00
4.610000099999999712e+00
4.349999900000000252e+00
5.880000099999998397e+00
5.389999900000000288e+00
4.920000099999998433e+00
5.550000200000000383e+00
5.349999900000000252e+00
4.579999900000001567e+00
4.005000100000000174e+00
5.480000000000000426e+00
5.369999900000001603e+00
5.170000099999998433e+00
5.340000200000000419e+00
5.599999900000000252e+00
5.690000099999999783e+00
6.025000099999999748e+00
5.059999900000000217e+00
5.880000099999998397e+00
6.469999800000000079e+00
4.110000100000001488e+00
4.059999899999998441e+00
6.230000000000000426e+00
6.764999900000001176e+00
6.360000099999999712e+00
6.630000099999998397e+00
5.110000099999999712e+00
5.900000099999999748e+00
4.510000200000000348e+00
6.698969800000000419e+00
4.596879500000000007e+00
4.460923700000000380e+00
4.175874199999999981e+00
4.186418999999999890e+00
4.262012499999999982e+00
6.251812000000000147e+00
7.431798500000000196e+00
4.856985099999998390e+00
4.591760200000000403e+00
5.221848999999999741e+00
4.958607200000000326e+00
6.055517199999999711e+00
4.349301299999999593e+00
4.619788599999999690e+00
5.000000000000000000e+00
4.552842100000000336e+00
4.638272299999999682e+00
4.638272299999999682e+00
4.537601900000000299e+00
4.552842100000000336e+00
4.602059800000000145e+00
4.602059800000000145e+00
4.602059800000000145e+00
4.508638400000001489e+00
4.468521099999998469e+00
5.744727600000000045e+00
5.366531400000000396e+00
5.387216099999998953e+00
6.188374999999999737e+00
5.647924400000000844e+00
5.741402099999998399e+00
5.147495700000000340e+00
6.372363599999999906e+00
5.943028500000000491e+00
4.754487499999999756e+00
5.223298999999999914e+00
4.957424600000000403e+00
4.927934200000000153e+00
4.888569400000001508e+00
4.991399799999999942e+00
4.988007099999999916e+00
4.992039199999999788e+00
5.049878600000000439e+00
5.050365900000000963e+00
4.598685700000000764e+00
4.508638400000001489e+00
4.815308599999999828e+00
3.900664799999999932e+00
4.812479500000000243e+00
6.588548700000000480e+00
4.628931999999999825e+00
6.102373100000000328e+00
6.060480599999999995e+00
5.185086700000000270e+00
5.692503900000000172e+00
4.982549200000000234e+00
4.929962200000000294e+00
6.055517199999999711e+00
4.754487499999999756e+00
4.991399799999999942e+00
5.309803999999999746e+00
4.244125399999999715e+00
4.698969800000000419e+00
5.720623000000001568e+00
4.389419599999999200e+00
4.389999900000000288e+00
5.150000099999999748e+00
4.315630900000000381e+00
4.659999799999999581e+00
4.760000200000000348e+00
4.400000099999999748e+00
3.951954399999999978e+00
4.459999999999999964e+00
6.290000000000000036e+00
4.805060400000000342e+00
5.500000000000000000e+00
4.550000200000000383e+00
4.280000199999999921e+00
4.739999799999999652e+00
6.320000199999999957e+00
4.190000100000001559e+00
5.469999800000000079e+00
4.510000200000000348e+00
5.440000099999999783e+00
4.460681000000000118e+00
5.631604199999999949e+00
4.404361200000000309e+00
4.050000200000000383e+00
5.690000099999999783e+00
5.880000099999998397e+00
4.329999900000001567e+00
4.400000099999999748e+00
4.550000200000000383e+00
4.889999900000000288e+00
5.699999799999999617e+00
6.101227800000000201e+00
4.719999800000000079e+00
6.070000199999999957e+00
4.889999900000000288e+00
4.709999999999999964e+00
5.389999900000000288e+00
5.690000099999999783e+00
4.610000099999999712e+00
4.440000099999999783e+00
4.895062000000000246e+00
5.420000099999998433e+00
4.800000200000000383e+00
4.969999800000000079e+00
6.072758699999999621e+00
4.840000200000000419e+00
4.349999900000000252e+00
4.510000200000000348e+00
4.705860099999999768e+00
5.116151799999999916e+00
6.150000099999999748e+00
5.168745499999999993e+00
4.930575400000000386e+00
4.331998300000000413e+00
4.699999799999999617e+00
4.620030899999999718e+00
5.010000200000000348e+00
6.959303399999999584e+00
4.480000000000000426e+00
4.179999800000000043e+00
4.630000099999998397e+00
4.449099499999999985e+00
4.889999900000000288e+00
4.389999900000000288e+00
4.380000099999998397e+00
3.777772199999999803e+00
4.230000000000000426e+00
5.722753500000000493e+00
6.130090700000000226e+00
5.369999900000001603e+00
5.399785999999999753e+00
4.619999900000001603e+00
6.280000199999999921e+00
5.170000099999998433e+00
5.389999900000000288e+00
4.778406600000000282e+00
5.348393900000000478e+00
5.839316400000000407e+00
5.682897600000000438e+00
5.150000099999999748e+00
4.322111099999999873e+00
4.310364700000000049e+00
4.699999799999999617e+00
4.519999999999999574e+00
4.619999900000001603e+00
4.550000200000000383e+00
4.320000199999999957e+00
6.260000200000000348e+00
4.500000000000000000e+00
4.610000099999999712e+00
3.920108299999999879e+00
5.212335099999999777e+00
4.480000000000000426e+00
5.678890200000000554e+00
5.748440300000000391e+00
5.390024200000000043e+00
5.049926799999999716e+00
5.141333599999998505e+00
4.609532800000000208e+00
4.513246499999998385e+00
4.421045799999999915e+00
4.351765599999998457e+00
6.876231699999999947e+00
7.381499799999998501e+00
7.117885600000000146e+00
7.382024799999999054e+00
7.091294300000000383e+00
7.367761599999999689e+00
7.148760300000000178e+00
4.997838999999999920e+00
6.850390400000001101e+00
4.150782600000000322e+00
4.130081200000000230e+00
6.517117500000000341e+00
4.550000200000000383e+00
4.570000199999999957e+00
4.590000200000000419e+00
4.769999999999999574e+00
6.420108299999999879e+00
4.569318299999999944e+00
4.809974200000000089e+00
6.070290599999999870e+00
5.321196600000000387e+00
6.536439399999999900e+00
6.457965900000000481e+00
5.420108299999999879e+00
4.900000099999999748e+00
5.291214900000000831e+00
5.198543099999998418e+00
5.427984200000000037e+00
5.219841500000000245e+00
4.879711599999998484e+00
6.220924400000000354e+00
6.300515200000000426e+00
6.742363900000000854e+00
5.100089999999999790e+00
5.699484799999999574e+00
5.348476899999999645e+00
4.922927400000001619e+00
4.693780400000000519e+00
4.494889700000000765e+00
6.561124799999999091e+00
4.290000000000000036e+00
4.678890200000000554e+00
5.338621099999999231e+00
4.457965900000000481e+00
4.430899100000000423e+00
4.742363899999999965e+00
4.378375499999999754e+00
4.639136299999999657e+00
5.250905999999999629e+00
5.888028099999999654e+00
5.410515300000000138e+00
5.081413700000001477e+00
5.000000000000000000e+00
5.098455000000000403e+00
4.538800700000000354e+00
4.517849900000000751e+00
4.907450700000000943e+00
5.268581400000000414e+00
4.849621800000000427e+00
4.797939799999999977e+00
5.389138200000000545e+00
5.590880400000000527e+00
6.080460999999999672e+00
5.420680500000000457e+00
5.911819900000000239e+00
7.227741199999999644e+00
7.179570699999998418e+00
7.089155200000000434e+00
6.222376799999998376e+00
6.491072200000000514e+00
6.559545500000000473e+00
6.229206099999999857e+00
5.837823900000000066e+00
4.571013900000000518e+00
4.812370300000000434e+00
4.309901700000000169e+00
5.000000000000000000e+00
4.492424999999999891e+00
5.520716700000000365e+00
5.639136299999999657e+00
5.797939799999999977e+00
5.587513400000001518e+00
5.047878700000000052e+00
4.739999799999999652e+00
5.220924400000000354e+00
5.070000199999999957e+00
5.409467700000000434e+00
4.997838999999999920e+00
5.190000099999999783e+00
4.538053500000000184e+00
4.278272199999999970e+00
4.220201999999999565e+00
4.090222400000000036e+00
4.068003700000000222e+00
3.972347300000000025e+00
3.970308100000000007e+00
3.961286799999999886e+00
4.911464200000000169e+00
5.597582800000000525e+00
4.647945899999999853e+00
4.631322400000000172e+00
4.559545500000000473e+00
5.212335099999999777e+00
4.982180099999999889e+00
5.959303400000000472e+00
5.821954700000000038e+00
6.409467700000000434e+00
6.457965900000000481e+00
6.368265599999999971e+00
6.851935899999999968e+00
4.509319299999999586e+00
4.331848599999999827e+00
4.170000100000000209e+00
5.187450900000000864e+00
6.231422400000000472e+00
5.302258999999998501e+00
5.847451200000000071e+00
5.732878700000000549e+00
5.695409299999999675e+00
5.130000099999998397e+00
5.739718900000001511e+00
4.820511799999998459e+00
5.101186300000000173e+00
4.699484799999999574e+00
5.851935899999999968e+00
5.300515200000000426e+00
5.769775900000000846e+00
5.797939799999999977e+00
5.720623000000001568e+00
4.972347300000000025e+00
5.851935899999999968e+00
5.769775900000000846e+00
5.888028099999999654e+00
5.191910299999999978e+00
5.959303400000000472e+00
4.860000099999999712e+00
4.690000099999999783e+00
4.760000200000000348e+00
4.579999900000001567e+00
4.790000000000000036e+00
4.900000099999999748e+00
4.849852099999999666e+00
5.010163799999999945e+00
4.842843099999999623e+00
5.058252799999999993e+00
4.632255999999999929e+00
4.510000200000000348e+00
4.952142700000000453e+00
5.422406200000000176e+00
6.959303399999999584e+00
6.281998599999999655e+00
4.168745499999999993e+00
4.101186300000000173e+00
5.140130999999998451e+00
5.831341300000000061e+00
4.919867500000000504e+00
4.920409700000000441e+00
4.667773200000000067e+00
4.549798499999999635e+00
4.187743199999999888e+00
7.498104599999999564e+00
6.590000200000000419e+00
7.010000200000000348e+00
7.030758399999999853e+00
4.508619799999999955e+00
4.778642200000000173e+00
5.459999999999999964e+00
4.600162999999998448e+00
6.131483099999999631e+00
6.059467800000000182e+00
5.629004499999999744e+00
5.601029900000000339e+00
4.888028099999999654e+00
5.077860400000000496e+00
5.238286000000000442e+00
4.821954700000000038e+00
4.920409700000000441e+00
6.159999799999999581e+00
6.200329799999999558e+00
6.920409700000000441e+00
4.989999799999999652e+00
5.001306500000000099e+00
6.099999900000000252e+00
6.538800700000000354e+00
4.837823900000000066e+00
5.300000200000000383e+00
5.519999999999999574e+00
5.699999799999999617e+00
5.000000000000000000e+00
5.521439099999998490e+00
4.920409700000000441e+00
4.430899100000000423e+00
5.521439099999998490e+00
5.047878700000000052e+00
5.101186300000000173e+00
5.159007500000000412e+00
5.011614299999999744e+00
5.151522599999999841e+00
5.327569500000000069e+00
5.129505599999999887e+00
5.088623499999999744e+00
5.742363899999999965e+00
5.631954699999999647e+00
5.158071999999999768e+00
5.100363300000001487e+00
5.251683200000000440e+00
5.260609600000000441e+00
5.229573700000000436e+00
5.570000199999999957e+00
5.898970099999999661e+00
5.720924400000000354e+00
4.828950900000001489e+00
5.309999900000000217e+00
4.690000099999999783e+00
5.260000200000000348e+00
5.110000099999999712e+00
5.000000000000000000e+00
5.800515200000000426e+00
4.649370700000000411e+00
4.828950900000001489e+00
4.918607200000000290e+00
4.861640900000000265e+00
5.800000200000000383e+00
5.441246499999999209e+00
4.759725600000000334e+00
6.010720700000000249e+00
7.047878700000000052e+00
5.691252200000000094e+00
5.990699799999999797e+00
5.714190499999999950e+00
6.521439099999998490e+00
4.779946299999999759e+00
6.828406799999999777e+00
4.769999999999999574e+00
5.229573700000000436e+00
4.959303400000000472e+00
5.300515200000000426e+00
4.517965799999999810e+00
7.380000099999998397e+00
7.019999999999999574e+00
7.309999900000001105e+00
4.590000200000000419e+00
4.179999800000000043e+00
4.849999900000000252e+00
3.950000000000000178e+00
5.219999800000000079e+00
5.119999900000001603e+00
5.699999799999999617e+00
4.719999800000000079e+00
4.010000200000000348e+00
7.309999900000001105e+00
6.099999900000000252e+00
5.230000000000000426e+00
5.199999799999999617e+00
4.199999799999999617e+00
4.389999900000000288e+00
4.099999899999998476e+00
4.739999799999999652e+00
5.150000099999999748e+00
6.820000200000000845e+00
4.679999800000000043e+00
5.459999999999999964e+00
5.320000199999999957e+00
5.320000199999999957e+00
5.659999799999999581e+00
7.000000000000000000e+00
6.000000000000000000e+00
5.900000099999999748e+00
6.000000000000000000e+00
5.500000000000000000e+00
5.300000200000000383e+00
5.420000099999998433e+00
4.489999799999999652e+00
5.150000099999999748e+00
5.889999900000000288e+00
5.599999900000000252e+00
5.690000099999999783e+00
5.290000000000000036e+00
4.459999999999999964e+00
4.389999900000000288e+00
4.489999799999999652e+00
4.880000099999998397e+00
4.709999999999999964e+00
4.309999900000000217e+00
5.380000099999998397e+00
4.659999799999999581e+00
4.599999900000000252e+00
4.730000000000000426e+00
4.699999799999999617e+00
4.889999900000000288e+00
4.739999799999999652e+00
4.719999800000000079e+00
5.059999900000000217e+00
4.869999900000001603e+00
5.800000200000000383e+00
5.849999900000000252e+00
5.540000000000000036e+00
6.050000200000000383e+00
5.820000199999999957e+00
5.380000099999998397e+00
6.300000200000000383e+00
4.909999799999999581e+00
5.119999900000001603e+00
5.800000200000000383e+00
5.719999800000000079e+00
5.500000000000000000e+00
5.590000200000000419e+00
5.245000400000000340e+00
5.139999900000000288e+00
5.400000099999999748e+00
5.070000199999999957e+00
5.420000099999998433e+00
4.829999900000001567e+00
5.159999799999999581e+00
4.449999799999999617e+00
4.459999999999999964e+00
4.500000000000000000e+00
4.300000200000000383e+00
3.509999999999999787e+00
4.119999899999999826e+00
3.819999900000000004e+00
4.980000000000000426e+00
5.269999999999999574e+00
4.820000199999999957e+00
4.199999799999999617e+00
4.969999800000000079e+00
5.320000199999999957e+00
5.599999900000000252e+00
5.469999800000000079e+00
4.679999800000000043e+00
4.889999900000000288e+00
5.219999800000000079e+00
4.699999799999999617e+00
4.889999900000000288e+00
5.050000200000000383e+00
4.590000200000000419e+00
4.489999799999999652e+00
4.489999799999999652e+00
4.519999999999999574e+00
4.550000200000000383e+00
4.690000099999999783e+00
5.708871799999999830e+00
4.670000099999998433e+00
5.639999900000000288e+00
4.519999999999999574e+00
4.959999999999999964e+00
4.059999899999998441e+00
4.730000000000000426e+00
5.889999900000000288e+00
4.485000099999999712e+00
5.699999799999999617e+00
6.360000099999999712e+00
4.670000099999998433e+00
4.429999800000000043e+00
5.809999900000000217e+00
5.340000200000000419e+00
4.260000200000000348e+00
5.671999900000000316e+00
4.389999900000000288e+00
6.199999799999999617e+00
5.190000099999999783e+00
7.760000200000000348e+00
4.030000199999999921e+00
4.489999799999999652e+00
5.619999900000001603e+00
4.590000200000000419e+00
4.619999900000001603e+00
4.849999900000000252e+00
4.170000100000000209e+00
5.230000000000000426e+00
4.630000099999998397e+00
4.880000099999998397e+00
4.340000200000000419e+00
4.958607200000000326e+00
5.698969800000000419e+00
4.552842100000000336e+00
4.744727600000000045e+00
4.568636399999999931e+00
4.839926700000000359e+00
3.954677100000000056e+00
4.984640100000000018e+00
5.564235199999999715e+00
5.989999799999999652e+00
5.889999900000000288e+00
4.519999999999999574e+00
4.269999999999999574e+00
4.469999800000000079e+00
4.989999799999999652e+00
4.480000000000000426e+00
4.659999799999999581e+00
6.619894000000000389e+00
4.968453400000000464e+00
5.260000200000000348e+00
4.389999900000000288e+00
6.000000000000000000e+00
5.941151600000000421e+00
5.214223900000000356e+00
4.659777599999999964e+00
4.461090600000000350e+00
7.031226199999999871e+00
6.590000200000000419e+00
6.229985199999999779e+00
5.979651000000000494e+00
5.899815099999999646e+00
5.764868700000000956e+00
6.699484799999999574e+00
4.430899100000000423e+00
4.821954700000000038e+00
4.309999900000000217e+00
4.769775900000000846e+00
5.619894000000000389e+00
5.138273700000000055e+00
4.331273599999998503e+00
5.896954499999999655e+00
5.132447700000000168e+00
5.629466099999999251e+00
5.450498600000000415e+00
5.790000000000000036e+00
6.298784700000001457e+00
5.429999800000000043e+00
4.909999799999999581e+00
5.122469399999999951e+00
4.930906799999999812e+00
4.180557299999998477e+00
4.108952500000000008e+00
3.997839499999999990e+00
3.889705199999999863e+00
5.551421200000000056e+00
5.670810200000000023e+00
5.669776000000001481e+00
5.981928800000000379e+00
4.500000000000000000e+00
4.699484799999999574e+00
5.101186300000000173e+00
5.328950900000001489e+00
5.699484799999999574e+00
5.569318299999999944e+00
5.959303400000000472e+00
4.538053500000000184e+00
4.719999800000000079e+00
5.168426499999999812e+00
7.521439100000000266e+00
4.800000200000000383e+00
6.588350300000000104e+00
4.881530299999999656e+00
4.818792799999999765e+00
4.938709300000000191e+00
4.571744400000000041e+00
4.581679799999999858e+00
6.831341300000000061e+00
6.509319299999999586e+00
4.388608000000000509e+00
4.797939799999999977e+00
5.158071999999999768e+00
5.489057999999999993e+00
5.340000200000000419e+00
4.878375499999999754e+00
5.000000000000000000e+00
4.909999799999999581e+00
5.290000000000000036e+00
5.159999799999999581e+00
4.541817199999999666e+00
4.888530300000000217e+00
6.398970099999999661e+00
4.569318299999999944e+00
4.810290799999999756e+00
5.699999799999999617e+00
6.820000200000000845e+00
5.389999900000000288e+00
4.260000200000000348e+00
6.239999799999999652e+00
5.030000199999999921e+00
5.290000000000000036e+00
5.500000000000000000e+00
4.179999800000000043e+00
6.489999799999999652e+00
7.290000000000000036e+00
6.099999900000000252e+00
4.709999999999999964e+00
5.269999999999999574e+00
5.469999800000000079e+00
5.699999799999999617e+00
6.099999900000000252e+00
5.519999999999999574e+00
5.360000099999999712e+00
5.320000199999999957e+00
4.500000000000000000e+00
5.969999800000000079e+00
4.480000000000000426e+00
4.679999800000000043e+00
4.949999799999999617e+00
5.079999900000001567e+00
4.840000200000000419e+00
