6.857922177304603961e-01 1.000000000000000000e+00 3.000000000000000000e+00 1.579599999999999893e+00
1.622840350094996442e-01 7.000000000000000000e+00 6.000000000000000000e+00 -8.430999999999964079e-01
6.798124008880443436e-02 1.400000000000000000e+01 9.000000000000000000e+00 -1.138110000000001421e+01
3.626802475280637705e-01 3.000000000000000000e+00 7.000000000000000000e+00 1.604900000000003768e+00
6.692731436768522002e-01 3.000000000000000000e+00 4.000000000000000000e+00 2.814999999999999170e-01
4.462558920281968211e-01 3.000000000000000000e+00 5.000000000000000000e+00 2.006000000000000227e+00
3.656154592356201244e-02 1.200000000000000000e+01 1.400000000000000000e+01 -2.655799999999983285e+00
7.515159753061997350e-01 1.000000000000000000e+00 5.000000000000000000e+00 7.357999999999993435e-01
2.291537804711148707e-01 6.000000000000000000e+00 7.000000000000000000e+00 -1.578599999999995562e-01
5.447631446548435452e-01 2.000000000000000000e+00 1.100000000000000000e+01 1.314700000000001090e+00
8.194089070410368603e-01 1.000000000000000000e+00 4.000000000000000000e+00 2.219700000000000450e+00
3.715970728120150390e-01 2.000000000000000000e+00 1.100000000000000000e+01 2.093100000000005956e+00
4.404555832511024560e-01 3.000000000000000000e+00 9.000000000000000000e+00 4.950320000000004050e+00
3.951175874727446691e-01 3.000000000000000000e+00 4.000000000000000000e+00 -5.827999999999966541e-02
3.067826690720401039e-01 3.000000000000000000e+00 9.000000000000000000e+00 -2.813099999999995049e+00
6.472008557238370097e-01 0.000000000000000000e+00 1.000000000000000000e+00 1.374900000000000011e+00
6.329973064180122178e-01 3.000000000000000000e+00 0.000000000000000000e+00 1.432800000000000074e+00
5.089661743416656892e-01 2.000000000000000000e+00 3.000000000000000000e+00 1.780699999999999728e+00
2.612626527203185112e-01 6.000000000000000000e+00 5.000000000000000000e+00 -3.585400000000000365e+00
7.075956311216885508e-01 0.000000000000000000e+00 5.000000000000000000e+00 2.592700000000000671e+00
8.580258368317676965e-01 2.000000000000000000e+00 5.000000000000000000e+00 1.618499999999999828e+00
2.811548943212429097e-01 6.000000000000000000e+00 7.000000000000000000e+00 -2.274099999999995347e+00
3.695058974998110535e-01 2.000000000000000000e+00 3.000000000000000000e+00 1.811000000000015930e-01
2.784725480550022669e-01 5.000000000000000000e+00 2.000000000000000000e+00 -3.547599999999994758e+00
6.410016829951858952e-01 2.000000000000000000e+00 1.000000000000000000e+01 1.558020000000000627e+00
2.580143971578396922e-01 3.000000000000000000e+00 1.400000000000000000e+01 2.492320000000000313e+00
5.312330748517689605e-01 3.000000000000000000e+00 4.000000000000000000e+00 2.754900000000000126e+00
2.060081971755788888e-01 5.000000000000000000e+00 3.000000000000000000e+00 -1.147529999999999495e+00
3.668639751044753816e-01 2.000000000000000000e+00 8.000000000000000000e+00 1.670399999999999663e+00
1.800971288839454953e-01 5.000000000000000000e+00 5.000000000000000000e+00 -3.602299999999995173e+00
1.460165720001574130e-01 1.100000000000000000e+01 3.000000000000000000e+00 -1.339799999999990998e+00
4.278004532591622167e-01 3.000000000000000000e+00 5.000000000000000000e+00 -1.551499999999998103e+00
5.399340655993185578e-01 1.000000000000000000e+00 0.000000000000000000e+00 1.197099999999999165e+00
5.934152756520555405e-01 0.000000000000000000e+00 1.000000000000000000e+00 5.714999999999998970e-01
4.572960328217869908e-01 1.000000000000000000e+00 5.000000000000000000e+00 -1.430099999999997928e+00
1.611215523947535921e-01 5.000000000000000000e+00 1.000000000000000000e+00 3.000920000000001142e+00
9.354939087499928307e-01 1.000000000000000000e+00 4.000000000000000000e+00 2.300300000000000011e+00
8.885665391203875219e-01 1.000000000000000000e+00 6.000000000000000000e+00 2.167599999999999305e+00
2.813060083578683424e-01 3.000000000000000000e+00 1.000000000000000000e+01 -1.687799999999997302e+00
7.779767589631496616e-01 2.000000000000000000e+00 0.000000000000000000e+00 2.305600000000000982e+00
3.806827842887775537e-01 2.000000000000000000e+00 1.200000000000000000e+01 -2.150999999999992696e+00
2.701119344995940863e-01 1.000000000000000000e+00 7.000000000000000000e+00 5.076300000000004253e+00
5.192368565638922906e-01 2.000000000000000000e+00 0.000000000000000000e+00 -3.538000000000000589e-01
4.001441882438972614e-02 1.300000000000000000e+01 1.700000000000000000e+01 -5.348500000000027121e+00
9.164902384308174499e-01 1.000000000000000000e+00 5.000000000000000000e+00 2.395880000000000898e+00
6.352467777236806556e-01 1.000000000000000000e+00 1.000000000000000000e+00 4.311999999999995836e-01
5.926554556303281762e-01 1.000000000000000000e+00 1.000000000000000000e+00 3.658600000000002517e+00
6.587322532597095215e-01 2.000000000000000000e+00 2.000000000000000000e+00 1.384989999999999943e+00
7.074872979003035134e-01 1.000000000000000000e+00 4.000000000000000000e+00 3.809000000000001940e+00
4.499297298906352327e-01 2.000000000000000000e+00 6.000000000000000000e+00 -1.353999999999998760e+00
7.926399704529146772e-01 2.000000000000000000e+00 4.000000000000000000e+00 1.468820000000000681e+00
8.438157788603835030e-01 1.000000000000000000e+00 4.000000000000000000e+00 2.506600000000000605e+00
8.142186676170078963e-01 2.000000000000000000e+00 5.000000000000000000e+00 1.202700000000000324e+00
4.389076668455801911e-01 1.000000000000000000e+00 6.000000000000000000e+00 4.165280000000001870e+00
4.491018490022087306e-01 1.000000000000000000e+00 4.000000000000000000e+00 4.869200000000004636e+00
2.681043343200976148e-01 3.000000000000000000e+00 2.000000000000000000e+00 5.283900000000004482e+00
6.257018128183676753e-01 4.000000000000000000e+00 4.000000000000000000e+00 9.965999999999994863e-01
7.274904352781299544e-01 2.000000000000000000e+00 3.000000000000000000e+00 2.972200000000000841e+00
1.820401720702234105e-01 7.000000000000000000e+00 6.000000000000000000e+00 -6.730199999999999960e+00
8.807182677718015107e-01 1.000000000000000000e+00 2.000000000000000000e+00 1.700899999999999856e+00
9.050302803117755701e-01 2.000000000000000000e+00 4.000000000000000000e+00 2.163499999999999979e+00
6.970360028250327522e-01 3.000000000000000000e+00 6.000000000000000000e+00 -9.589999999999854197e-02
8.181000978992072348e-01 1.000000000000000000e+00 4.000000000000000000e+00 2.582200000000000273e+00
4.315569256356930894e-01 1.000000000000000000e+00 2.000000000000000000e+00 -1.278200000000000225e+00
1.359774904158820852e-01 3.000000000000000000e+00 9.000000000000000000e+00 -2.462399999999997036e+00
8.791762540409916449e-01 1.000000000000000000e+00 1.000000000000000000e+00 2.633600000000000385e+00
4.630461526225883584e-01 4.000000000000000000e+00 9.000000000000000000e+00 3.605999999999996430e-01
8.025857520263923739e-01 2.000000000000000000e+00 5.000000000000000000e+00 2.545300000000000118e+00
8.296184522843685905e-01 1.000000000000000000e+00 3.000000000000000000e+00 1.452900000000000080e+00
1.454114584326867687e-01 5.000000000000000000e+00 1.100000000000000000e+01 9.080000000000096883e-01
5.950261967780848815e-01 2.000000000000000000e+00 1.000000000000000000e+00 1.350599999999999801e+00
7.103707489976622824e-01 1.000000000000000000e+00 5.000000000000000000e+00 -6.375999999999995005e-01
6.131957817328941296e-01 4.000000000000000000e+00 2.000000000000000000e+00 2.901999999999991253e-01
3.954988979456657838e-01 2.000000000000000000e+00 8.000000000000000000e+00 2.206599999999999895e+00
5.838521269593075491e-01 2.000000000000000000e+00 8.000000000000000000e+00 3.183400000000001562e+00
6.514882975930736952e-01 3.000000000000000000e+00 6.000000000000000000e+00 -7.039999999999868585e-02
6.001107518922446094e-01 2.000000000000000000e+00 7.000000000000000000e+00 2.497900000000000453e+00
5.894393592050658492e-01 1.000000000000000000e+00 6.000000000000000000e+00 5.115800000000003678e+00
6.751975205030642524e-01 1.000000000000000000e+00 7.000000000000000000e+00 2.884300000000000530e+00
2.424090930129275123e-01 4.000000000000000000e+00 9.000000000000000000e+00 -2.044799999999994178e+00
5.784074556823805002e-01 2.000000000000000000e+00 7.000000000000000000e+00 1.925800000000000622e+00
7.638795974261375354e-01 1.000000000000000000e+00 7.000000000000000000e+00 2.577100000000000612e+00
1.389117187033142853e-01 8.000000000000000000e+00 1.000000000000000000e+01 -1.014300000000000423e+00
2.020614029413286550e-01 5.000000000000000000e+00 1.500000000000000000e+01 3.096200000000002284e+00
1.944433360334932304e-01 2.000000000000000000e+00 7.000000000000000000e+00 4.796100000000004471e+00
6.140453744926113178e-01 0.000000000000000000e+00 9.000000000000000000e+00 1.383899999999999686e+00
4.119019222192055185e-01 2.000000000000000000e+00 4.000000000000000000e+00 2.721200000000006725e+00
7.098353867088879054e-01 0.000000000000000000e+00 1.000000000000000000e+00 1.246099999999999763e+00
1.681179562117169485e-02 1.300000000000000000e+01 2.900000000000000000e+01 -1.457500000000003570e+00
2.651367388207571674e-01 4.000000000000000000e+00 9.000000000000000000e+00 -1.245199999999995422e+00
3.055906833236519682e-01 5.000000000000000000e+00 6.000000000000000000e+00 -1.357499999999998597e+00
2.711446024698590737e-02 2.000000000000000000e+00 3.700000000000000000e+01 1.104679999999999218e+01
3.118436301825295298e-01 4.000000000000000000e+00 1.200000000000000000e+01 3.146900000000001363e+00
6.486499362158859583e-01 3.000000000000000000e+00 2.000000000000000000e+00 -3.494000000000002659e-01
7.164779575332462513e-02 8.000000000000000000e+00 1.700000000000000000e+01 3.704000000000025605e-01
7.776157031382924245e-01 3.000000000000000000e+00 4.000000000000000000e+00 1.095000000000000195e+00
1.418381397151100010e-01 4.000000000000000000e+00 9.000000000000000000e+00 -4.564999999999995062e+00
3.620424161456102796e-01 0.000000000000000000e+00 4.000000000000000000e+00 3.633500000000005947e+00
6.371429373754212699e-01 2.000000000000000000e+00 7.000000000000000000e+00 3.442200000000001481e+00
5.834905102158031154e-01 1.000000000000000000e+00 1.000000000000000000e+00 4.048700000000003740e+00
5.618624951770447851e-01 3.000000000000000000e+00 1.000000000000000000e+01 1.339300000000000157e+00
9.107303042588871245e-02 2.000000000000000000e+00 1.100000000000000000e+01 7.241400000000010273e+00
7.037544365172172522e-01 1.000000000000000000e+00 1.000000000000000000e+00 7.233999999999997099e-01
6.341732873757702782e-01 1.000000000000000000e+00 3.000000000000000000e+00 -7.068000000000000949e-01
4.095755244803720441e-01 0.000000000000000000e+00 8.000000000000000000e+00 2.789600000000000968e+00
1.144220371524388435e-01 8.000000000000000000e+00 1.200000000000000000e+01 -2.191599999999995330e+00
7.038615838122526114e-01 2.000000000000000000e+00 2.000000000000000000e+00 -5.940999999999998504e-01
5.925551443407949259e-01 0.000000000000000000e+00 2.000000000000000000e+00 4.431500000000004214e+00
7.147719188223011777e-01 1.000000000000000000e+00 4.000000000000000000e+00 2.173319999999999474e+00
7.063218129925858957e-01 2.000000000000000000e+00 7.000000000000000000e+00 2.275080000000001768e+00
5.978656455570934281e-01 2.000000000000000000e+00 1.100000000000000000e+01 2.993800000000001127e+00
5.198058308412842887e-01 3.000000000000000000e+00 2.000000000000000000e+00 -1.178000000000001823e-01
1.297861944512450350e-01 4.000000000000000000e+00 1.000000000000000000e+01 3.735700000000003129e+00
4.616107770012452260e-02 2.300000000000000000e+01 1.900000000000000000e+01 -3.151999999999864355e-01
8.210461717980421792e-01 1.000000000000000000e+00 3.000000000000000000e+00 2.800200000000001133e+00
8.422426734888813771e-01 2.000000000000000000e+00 4.000000000000000000e+00 1.756099999999999328e+00
2.566436062791167538e-01 3.000000000000000000e+00 0.000000000000000000e+00 -9.561000000000001720e-01
3.463430049039651487e-02 1.400000000000000000e+01 3.300000000000000000e+01 1.119599999999983275e+00
8.241525171873901323e-01 1.000000000000000000e+00 4.000000000000000000e+00 2.142280000000000406e+00
9.284511020269033965e-01 1.000000000000000000e+00 3.000000000000000000e+00 1.544779999999999598e+00
3.013327984236265356e-01 0.000000000000000000e+00 4.000000000000000000e+00 6.110500000000007148e+00
7.250057494111314949e-01 2.000000000000000000e+00 8.000000000000000000e+00 2.027300000000001212e+00
3.530195352734787351e-01 2.000000000000000000e+00 4.000000000000000000e+00 2.673999999999999488e+00
7.700234013623286078e-01 2.000000000000000000e+00 6.000000000000000000e+00 1.143519999999999870e+00
6.867947109436078890e-01 1.000000000000000000e+00 6.000000000000000000e+00 2.604800000000000892e+00
7.222884443663145637e-01 2.000000000000000000e+00 1.000000000000000000e+00 8.400000000000051870e-02
2.931960821516678695e-01 4.000000000000000000e+00 1.200000000000000000e+01 -5.984999999999960352e-01
6.272101248438205490e-01 0.000000000000000000e+00 4.000000000000000000e+00 5.425700000000005296e+00
5.492380246867913929e-01 1.000000000000000000e+00 1.000000000000000000e+00 1.201299999999999812e+00
7.505840071202790620e-01 3.000000000000000000e+00 5.000000000000000000e+00 6.517000000000001680e-01
7.534237155175279796e-03 1.700000000000000000e+01 3.600000000000000000e+01 9.796899999999821862e-01
7.861964083278849547e-01 1.000000000000000000e+00 0.000000000000000000e+00 2.841400000000001036e+00
6.635418049622671122e-01 1.000000000000000000e+00 4.000000000000000000e+00 1.350600000000000023e+00
5.631765279525208223e-01 1.000000000000000000e+00 8.000000000000000000e+00 -1.606999999999995765e+00
9.043920867261528995e-01 1.000000000000000000e+00 4.000000000000000000e+00 2.457900000000000418e+00
1.830928094572344678e-01 3.000000000000000000e+00 9.000000000000000000e+00 -1.639979999999996663e+00
6.875731856922161489e-01 3.000000000000000000e+00 1.000000000000000000e+00 1.374000000000005772e-01
7.677307503887127460e-01 3.000000000000000000e+00 4.000000000000000000e+00 1.315499999999999670e+00
3.447871689608297263e-01 4.000000000000000000e+00 8.000000000000000000e+00 -8.513999999999968260e-01
8.586254128001696850e-01 1.000000000000000000e+00 3.000000000000000000e+00 2.267739999999999867e+00
2.870343024314152558e-01 5.000000000000000000e+00 3.000000000000000000e+00 -3.637199999999991995e+00
1.323624164471947084e-01 7.000000000000000000e+00 6.000000000000000000e+00 -3.127799999999993030e+00
5.467180293175037953e-01 4.000000000000000000e+00 8.000000000000000000e+00 8.379000000000000892e-01
7.765246730268597908e-01 2.000000000000000000e+00 7.000000000000000000e+00 1.223600000000000021e+00
6.350173738086052344e-01 2.000000000000000000e+00 4.000000000000000000e+00 1.659719999999999640e+00
5.407377371089944207e-01 1.000000000000000000e+00 9.000000000000000000e+00 1.056100000000000705e+00
8.816450882112389920e-01 1.000000000000000000e+00 4.000000000000000000e+00 3.163100000000001799e+00
8.976306233197457463e-01 1.000000000000000000e+00 4.000000000000000000e+00 1.402000000000000579e+00
5.180997286343124175e-01 4.000000000000000000e+00 3.000000000000000000e+00 -1.604000000000000314e+00
8.760387512276021083e-01 1.000000000000000000e+00 4.000000000000000000e+00 1.342599999999999794e+00
8.086275756383135560e-01 1.000000000000000000e+00 5.000000000000000000e+00 4.263000000000002343e-01
8.115080804928812563e-01 2.000000000000000000e+00 2.000000000000000000e+00 1.309139999999999970e+00
7.694929738603759617e-01 1.000000000000000000e+00 0.000000000000000000e+00 1.061800000000000521e+00
4.052799212104154503e-01 2.000000000000000000e+00 6.000000000000000000e+00 -1.568499999999995786e+00
2.308724859891716219e-01 5.000000000000000000e+00 7.000000000000000000e+00 8.354000000000003645e-01
8.434433659569253727e-01 1.000000000000000000e+00 2.000000000000000000e+00 2.847199999999998621e-01
4.613795142561899487e-01 0.000000000000000000e+00 3.000000000000000000e+00 1.577000000000001734e-01
7.505008171861061728e-01 3.000000000000000000e+00 5.000000000000000000e+00 5.058000000000006935e-01
4.231196792762890180e-01 2.000000000000000000e+00 1.000000000000000000e+01 4.257200000000003648e+00
3.975638732406910902e-02 1.100000000000000000e+01 2.300000000000000000e+01 3.116000000000074266e-01
1.784563426142038722e-01 1.000000000000000000e+01 6.000000000000000000e+00 -8.085900000000005861e+00
1.468094861389331041e-01 5.000000000000000000e+00 8.000000000000000000e+00 3.259600000000002495e+00
8.548548283419677984e-01 2.000000000000000000e+00 5.000000000000000000e+00 2.523300000000000765e+00
1.455937897682478555e-01 2.000000000000000000e+00 9.000000000000000000e+00 -2.633899999999995245e+00
5.118294608216774483e-02 7.000000000000000000e+00 2.100000000000000000e+01 6.301400000000163537e-01
7.611665318445224315e-01 1.000000000000000000e+00 0.000000000000000000e+00 1.666800000000000281e+00
7.145353565440888677e-02 6.000000000000000000e+00 1.600000000000000000e+01 4.687640000000003582e+00
3.730260732797714973e-01 3.000000000000000000e+00 1.000000000000000000e+01 2.850100000000002964e+00
5.339288026419598543e-01 2.000000000000000000e+00 1.100000000000000000e+01 3.546000000000002039e+00
4.015975548403724060e-01 2.000000000000000000e+00 7.000000000000000000e+00 2.269300000000002093e+00
7.424381824141621511e-01 0.000000000000000000e+00 6.000000000000000000e+00 3.032100000000001572e+00
1.940973022670931802e-01 5.000000000000000000e+00 3.000000000000000000e+00 1.996140000000000025e+00
8.558670797093672622e-01 1.000000000000000000e+00 5.000000000000000000e+00 3.371400000000003949e+00
5.115523239139516676e-01 3.000000000000000000e+00 9.000000000000000000e+00 1.048599999999999532e+00
6.771088741597445226e-01 1.000000000000000000e+00 2.000000000000000000e+00 2.384299999999999642e+00
1.528670838177995095e-01 3.000000000000000000e+00 8.000000000000000000e+00 6.016000000000036874e-01
5.477635402256686437e-01 4.000000000000000000e+00 2.000000000000000000e+00 -9.890000000000005453e-01
4.706035640838627243e-01 2.000000000000000000e+00 4.000000000000000000e+00 3.686400000000001675e+00
2.717659858848307519e-01 2.000000000000000000e+00 1.000000000000000000e+01 2.634500000000001840e+00
6.566475202195219962e-01 1.000000000000000000e+00 4.000000000000000000e+00 1.399299999999999988e+00
6.358465908349587581e-01 3.000000000000000000e+00 4.000000000000000000e+00 2.996700000000001474e+00
6.307445123645383234e-01 1.000000000000000000e+00 5.000000000000000000e+00 2.699600000000001110e+00
4.880897255439964333e-01 1.000000000000000000e+00 6.000000000000000000e+00 3.460300000000003706e+00
1.975020712188346739e-01 5.000000000000000000e+00 1.200000000000000000e+01 3.092400000000003146e+00
2.136603529319946182e-01 0.000000000000000000e+00 4.000000000000000000e+00 7.451600000000008883e+00
1.663716640196935270e-01 1.100000000000000000e+01 6.000000000000000000e+00 -8.725000000000013856e+00
1.522340849390850237e-01 4.000000000000000000e+00 2.000000000000000000e+01 2.583500000000007013e+00
3.242734894476346358e-02 1.600000000000000000e+01 2.500000000000000000e+01 -8.414099999999994139e+00
1.242288652559689621e-01 3.000000000000000000e+00 1.000000000000000000e+01 6.965000000000006963e+00
5.188351301993581188e-01 1.000000000000000000e+00 3.000000000000000000e+00 1.804999999999999938e+00
7.980943553713222560e-02 1.000000000000000000e+00 3.500000000000000000e+01 2.807600000000006979e+00
8.511816056634847749e-01 2.000000000000000000e+00 3.000000000000000000e+00 1.074899999999999300e+00
1.331689510334691240e-01 3.000000000000000000e+00 6.000000000000000000e+00 -9.714999999999982538e-01
7.867122884676202021e-01 1.000000000000000000e+00 4.000000000000000000e+00 -3.804999999999989502e-01
7.272302824304793800e-01 3.000000000000000000e+00 4.000000000000000000e+00 1.092299999999999827e+00
6.071278267796753614e-01 2.000000000000000000e+00 1.100000000000000000e+01 1.367200000000000637e+00
3.140501117996526981e-01 3.000000000000000000e+00 0.000000000000000000e+00 -1.369499999999998163e+00
4.854930576221492267e-01 4.000000000000000000e+00 5.000000000000000000e+00 -1.970899999999998986e+00
1.119978995943112648e-02 1.700000000000000000e+01 3.800000000000000000e+01 -2.325800000000020518e+00
7.908483868647264714e-01 2.000000000000000000e+00 2.000000000000000000e+00 2.020700000000001051e+00
4.533127401457929806e-01 0.000000000000000000e+00 7.000000000000000000e+00 -2.809999999999996945e-01
8.528503228700770045e-01 1.000000000000000000e+00 5.000000000000000000e+00 1.089999999999999414e+00
4.293621738831377432e-01 0.000000000000000000e+00 6.000000000000000000e+00 -8.455999999999979089e-01
7.946627476243339760e-01 1.000000000000000000e+00 3.000000000000000000e+00 1.059099999999999708e+00
1.125174076133035779e-02 1.800000000000000000e+01 3.500000000000000000e+01 -1.167739999999993827e+01
8.561371493463950655e-01 2.000000000000000000e+00 2.000000000000000000e+00 2.523800000000000487e+00
2.210024780657793286e-01 6.000000000000000000e+00 5.000000000000000000e+00 -7.154999999999982485e-01
8.051998271212394975e-01 1.000000000000000000e+00 3.000000000000000000e+00 6.510999999999989019e-01
3.861315347580508428e-01 5.000000000000000000e+00 9.000000000000000000e+00 7.706999999999992745e-01
5.818339767551266029e-01 4.000000000000000000e+00 6.000000000000000000e+00 1.844399999999999595e+00
1.502303050394026077e-02 2.000000000000000000e+01 3.500000000000000000e+01 -8.420380000000026399e+00
6.120792453127948951e-01 1.000000000000000000e+00 4.000000000000000000e+00 1.299699999999999411e+00
5.595446961022623733e-02 1.800000000000000000e+01 1.300000000000000000e+01 -2.971500000000007358e+00
8.002606631915418767e-01 2.000000000000000000e+00 2.000000000000000000e+00 1.738599999999999701e+00
4.929850253985110231e-01 1.000000000000000000e+00 4.000000000000000000e+00 2.345699999999999896e+00
1.967619581448171728e-01 6.000000000000000000e+00 7.000000000000000000e+00 3.685000000000083209e-01
6.634881818264520836e-01 0.000000000000000000e+00 1.000000000000000000e+00 4.233520000000002170e+00
7.638586024536907493e-01 3.000000000000000000e+00 3.000000000000000000e+00 2.168520000000000003e+00
3.622898371377338278e-01 2.000000000000000000e+00 2.000000000000000000e+00 2.163980000000000459e+00
4.389884072302214224e-01 0.000000000000000000e+00 9.000000000000000000e+00 2.194999999999999396e+00
8.226493666278060779e-01 1.000000000000000000e+00 5.000000000000000000e+00 9.126999999999999558e-01
5.538546640663036813e-01 2.000000000000000000e+00 0.000000000000000000e+00 1.015489999999999782e+00
1.561226402723942808e-01 2.000000000000000000e+00 8.000000000000000000e+00 5.294000000000004924e+00
2.204888454504644671e-02 3.000000000000000000e+00 5.900000000000000000e+01 1.108319999999999261e+01
4.262474653048268780e-01 4.000000000000000000e+00 2.000000000000000000e+00 -3.167999999999999705e+00
5.174237388633042833e-01 2.000000000000000000e+00 8.000000000000000000e+00 2.858500000000001151e+00
5.510440775618912213e-01 3.000000000000000000e+00 9.000000000000000000e+00 2.149500000000000188e+00
9.185493295282857185e-01 1.000000000000000000e+00 4.000000000000000000e+00 2.620100000000000762e+00
8.536215236957834795e-01 2.000000000000000000e+00 2.000000000000000000e+00 1.525399999999999867e+00
4.064631160338302851e-01 1.000000000000000000e+00 4.000000000000000000e+00 4.548800000000004395e+00
8.941004561636730630e-01 1.000000000000000000e+00 4.000000000000000000e+00 2.892100000000001003e+00
7.791379150394051045e-01 1.000000000000000000e+00 3.000000000000000000e+00 -1.092599999999997573e+00
4.667032430058403736e-01 1.000000000000000000e+00 5.000000000000000000e+00 4.217300000000002491e+00
5.858308475922273661e-01 3.000000000000000000e+00 2.000000000000000000e+00 8.021999999999984698e-02
3.904193830430953693e-01 2.000000000000000000e+00 1.300000000000000000e+01 2.140399999999999636e+00
2.511015512926256799e-01 6.000000000000000000e+00 5.000000000000000000e+00 -1.921399999999997998e+00
7.494197620473601329e-02 5.000000000000000000e+00 1.000000000000000000e+01 3.632800000000004026e+00
1.797498510997751486e-01 4.000000000000000000e+00 0.000000000000000000e+00 3.817040000000002209e+00
2.548671189078975316e-02 1.500000000000000000e+01 1.800000000000000000e+01 -4.244599999999996598e+00
1.825795634174808280e-01 9.000000000000000000e+00 6.000000000000000000e+00 -6.700200000000006817e+00
7.437602973680673690e-02 3.000000000000000000e+00 1.100000000000000000e+01 -7.469999999999991092e-01
5.264322346809576780e-01 3.000000000000000000e+00 4.000000000000000000e+00 -2.027799999999997382e+00
3.958730393719076535e-01 2.000000000000000000e+00 1.100000000000000000e+01 3.853800000000003223e+00
7.950896625084042935e-01 1.000000000000000000e+00 2.000000000000000000e+00 1.312519999999999909e+00
7.507790478562270664e-01 0.000000000000000000e+00 4.000000000000000000e+00 1.738499999999999934e+00
3.341162979932021937e-01 2.000000000000000000e+00 4.000000000000000000e+00 -2.455599999999995120e+00
2.966070597287680521e-01 2.000000000000000000e+00 4.000000000000000000e+00 6.507320000000005322e+00
4.492059439289974171e-02 2.300000000000000000e+01 2.000000000000000000e+01 7.490000000001212355e-02
5.055052971214054613e-01 1.000000000000000000e+00 4.000000000000000000e+00 2.175600000000000200e+00
7.913895398394190650e-01 2.000000000000000000e+00 2.000000000000000000e+00 1.669999999999999707e+00
1.762483877547358635e-01 5.000000000000000000e+00 8.000000000000000000e+00 2.788900000000002599e+00
5.454564466024371949e-01 3.000000000000000000e+00 1.000000000000000000e+01 4.760200000000006648e-01
2.455619781072691521e-01 2.000000000000000000e+00 1.000000000000000000e+01 3.454500000000001236e+00
1.396962262636458618e-01 2.000000000000000000e+00 1.000000000000000000e+01 -1.670679999999996390e+00
6.324263683566825334e-01 1.000000000000000000e+00 4.000000000000000000e+00 2.264120000000000132e+00
7.384931481834370315e-01 2.000000000000000000e+00 3.000000000000000000e+00 -4.554999999999964633e-01
4.734897247740322279e-01 1.000000000000000000e+00 3.000000000000000000e+00 1.306599999999999984e+00
6.443400679154861477e-01 2.000000000000000000e+00 3.000000000000000000e+00 1.964319999999999844e+00
4.824346806313306035e-01 0.000000000000000000e+00 1.000000000000000000e+01 2.456100000000000172e+00
4.632519153751958330e-01 2.000000000000000000e+00 4.000000000000000000e+00 -1.702899999999996750e+00
5.346782625645277731e-01 4.000000000000000000e+00 4.000000000000000000e+00 1.030000000000000915e-01
2.773339728347742339e-01 5.000000000000000000e+00 4.000000000000000000e+00 2.566620000000005675e+00
8.190313153436131755e-01 2.000000000000000000e+00 6.000000000000000000e+00 7.805000000000006377e-01
4.875604190188672638e-01 1.000000000000000000e+00 2.000000000000000000e+00 3.097100000000001963e+00
9.224695392946575812e-01 1.000000000000000000e+00 4.000000000000000000e+00 3.477300000000003166e+00
6.548850850710069560e-01 0.000000000000000000e+00 1.000000000000000000e+00 4.324220000000002173e+00
7.657837272269240048e-01 1.000000000000000000e+00 5.000000000000000000e+00 3.135100000000001330e+00
5.509885847526984071e-01 3.000000000000000000e+00 3.000000000000000000e+00 1.571800000000004527e+00
3.221743722877005722e-01 3.000000000000000000e+00 0.000000000000000000e+00 -1.582099999999998730e+00
5.629504785940999678e-01 3.000000000000000000e+00 1.000000000000000000e+00 7.239999999999993108e-01
8.553020577996142126e-01 2.000000000000000000e+00 2.000000000000000000e+00 2.714120000000001198e+00
8.275677952472805243e-01 2.000000000000000000e+00 6.000000000000000000e+00 1.551300000000000567e+00
6.531071656660523139e-01 3.000000000000000000e+00 9.000000000000000000e+00 1.785000000000000586e+00
5.983599555311159834e-01 4.000000000000000000e+00 7.000000000000000000e+00 2.242399999999999949e+00
3.883861475208896241e-01 1.000000000000000000e+00 7.000000000000000000e+00 5.112200000000000077e-01
7.692390365670642716e-01 1.000000000000000000e+00 5.000000000000000000e+00 2.899740000000000428e+00
5.543859717867649639e-01 3.000000000000000000e+00 4.000000000000000000e+00 -1.331800000000000317e+00
5.046539264256358903e-01 1.000000000000000000e+00 5.000000000000000000e+00 4.703900000000005299e+00
7.718986135883639799e-01 2.000000000000000000e+00 7.000000000000000000e+00 1.386100000000000554e+00
6.793689537995281080e-01 2.000000000000000000e+00 8.000000000000000000e+00 1.126599999999999824e+00
4.340104045325292592e-01 3.000000000000000000e+00 4.000000000000000000e+00 1.990800000000001901e+00
5.400927830602834101e-01 2.000000000000000000e+00 3.000000000000000000e+00 -2.708299999999995933e+00
4.298292584463982990e-01 3.000000000000000000e+00 5.000000000000000000e+00 1.338599999999999346e+00
4.326666208214389325e-02 8.000000000000000000e+00 1.200000000000000000e+01 3.780000000000161009e-02
8.169951703125134523e-01 0.000000000000000000e+00 3.000000000000000000e+00 2.557700000000000529e+00
5.834830702126728719e-01 4.000000000000000000e+00 8.000000000000000000e+00 1.109199999999999964e+00
6.902917111825501717e-01 0.000000000000000000e+00 3.000000000000000000e+00 3.408500000000001862e+00
3.258384035161682735e-01 4.000000000000000000e+00 4.000000000000000000e+00 -2.739700000000000468e+00
2.528126596047666208e-01 0.000000000000000000e+00 3.000000000000000000e+00 2.225000000000003642e-01
4.649230751161573250e-02 1.000000000000000000e+01 1.000000000000000000e+01 -4.999100000000003874e+00
4.514389750627603726e-01 1.000000000000000000e+00 7.000000000000000000e+00 3.232840000000002156e+00
5.302216682110638679e-01 0.000000000000000000e+00 0.000000000000000000e+00 1.792999999999999927e+00
3.511209936301175061e-01 0.000000000000000000e+00 1.000000000000000000e+00 -2.756600000000000161e+00
3.094201310733961652e-01 3.000000000000000000e+00 9.000000000000000000e+00 -2.400999999999995360e+00
4.117992739174065608e-01 3.000000000000000000e+00 4.000000000000000000e+00 -4.276099999999998680e+00
4.418364462214582344e-01 4.000000000000000000e+00 8.000000000000000000e+00 -1.262899999999997913e+00
6.120873727300362166e-01 3.000000000000000000e+00 2.000000000000000000e+00 -1.288599999999999968e+00
4.205636945214958899e-01 1.000000000000000000e+00 5.000000000000000000e+00 1.969999999999982876e-02
7.930188955867543132e-01 1.000000000000000000e+00 4.000000000000000000e+00 2.242759999999999643e+00
9.236284935786177597e-01 1.000000000000000000e+00 4.000000000000000000e+00 2.823900000000001853e+00
8.533555071280713999e-01 2.000000000000000000e+00 5.000000000000000000e+00 1.257599999999999829e+00
7.579321065033020055e-01 0.000000000000000000e+00 7.000000000000000000e+00 3.275000000000002132e+00
2.696046177382370110e-02 1.400000000000000000e+01 1.900000000000000000e+01 -5.951700000000017532e+00
8.466650627210050573e-01 1.000000000000000000e+00 6.000000000000000000e+00 1.294200000000000461e+00
6.851118338978874345e-01 0.000000000000000000e+00 3.000000000000000000e+00 1.353219999999999867e+00
9.084412300003535945e-01 1.000000000000000000e+00 5.000000000000000000e+00 3.078500000000000902e+00
1.581552968174118612e-01 4.000000000000000000e+00 1.100000000000000000e+01 4.230999999999998651e-01
1.285174397531953505e-01 5.000000000000000000e+00 4.000000000000000000e+00 3.703420000000002155e+00
2.963419520142686059e-01 1.000000000000000000e+00 8.000000000000000000e+00 2.970800000000001440e+00
3.206251536465089536e-01 2.000000000000000000e+00 5.000000000000000000e+00 4.331400000000003025e+00
1.669200276133120386e-01 8.000000000000000000e+00 8.000000000000000000e+00 -5.660500000000003418e+00
6.473850874610027617e-01 4.000000000000000000e+00 6.000000000000000000e+00 1.325799999999999423e+00
3.648680436413500594e-01 2.000000000000000000e+00 4.000000000000000000e+00 -1.452099999999999946e+00
1.113126935411414137e-01 1.000000000000000000e+00 1.300000000000000000e+01 5.802700000000006852e+00
8.800702352626527114e-01 1.000000000000000000e+00 4.000000000000000000e+00 2.589199999999999946e+00
2.286347021158278148e-01 2.000000000000000000e+00 1.000000000000000000e+01 -4.096399999999994712e+00
7.998067802808752624e-01 2.000000000000000000e+00 2.000000000000000000e+00 1.157979999999998899e+00
3.745184285087741483e-01 1.000000000000000000e+00 3.000000000000000000e+00 -1.847899999999996101e+00
3.011830122870765014e-01 3.000000000000000000e+00 9.000000000000000000e+00 -2.086099999999997401e+00
6.504400105002711152e-01 1.000000000000000000e+00 9.000000000000000000e+00 4.925200000000004685e+00
4.307215392806309495e-01 1.000000000000000000e+00 1.400000000000000000e+01 2.677200000000000912e+00
1.610555894003010136e-02 2.000000000000000000e+01 3.000000000000000000e+01 -2.985100000000035170e+00
4.542179585941735764e-01 0.000000000000000000e+00 1.000000000000000000e+01 3.551900000000002500e+00
8.021858087647107949e-01 2.000000000000000000e+00 2.000000000000000000e+00 2.465500000000000469e+00
5.496044519216475299e-02 0.000000000000000000e+00 1.400000000000000000e+01 8.370300000000005625e+00
1.661057472396231666e-02 2.400000000000000000e+01 5.400000000000000000e+01 -1.258209999999986373e+01
1.975232799475881429e-01 3.000000000000000000e+00 1.300000000000000000e+01 3.278700000000001502e+00
7.561486361239591059e-01 1.000000000000000000e+00 3.000000000000000000e+00 2.880400000000001626e+00
6.012885811586554663e-01 2.000000000000000000e+00 7.000000000000000000e+00 3.858100000000002971e+00
9.021804790562545362e-01 1.000000000000000000e+00 4.000000000000000000e+00 2.567600000000000549e+00
1.178627932802376599e-01 4.000000000000000000e+00 1.000000000000000000e+01 -1.730599999999997030e+00
2.111093840775967456e-01 2.000000000000000000e+00 2.000000000000000000e+01 3.992600000000007476e+00
5.500149223256270981e-01 4.000000000000000000e+00 7.000000000000000000e+00 1.266099999999999337e+00
2.628271055998072647e-01 3.000000000000000000e+00 9.000000000000000000e+00 3.512200000000026412e-01
5.193037515182875596e-01 3.000000000000000000e+00 1.200000000000000000e+01 2.487499999999999822e+00
6.398550561014078042e-01 2.000000000000000000e+00 9.000000000000000000e+00 2.308040000000000092e+00
6.889372278822771811e-01 2.000000000000000000e+00 9.000000000000000000e+00 5.870000000000001883e-01
7.697870466010453550e-01 1.000000000000000000e+00 2.000000000000000000e+00 3.766300000000001980e+00
2.374866570620066952e-01 4.000000000000000000e+00 9.000000000000000000e+00 -3.369699999999994589e+00
5.905889052289465813e-01 1.000000000000000000e+00 1.100000000000000000e+01 1.824300000000000477e+00
6.447658529130625427e-01 2.000000000000000000e+00 6.000000000000000000e+00 2.261300000000000310e+00
6.056235317447054012e-01 1.000000000000000000e+00 4.000000000000000000e+00 2.133999999999999897e+00
8.476978945833689716e-01 2.000000000000000000e+00 1.000000000000000000e+00 3.101300000000001500e+00
3.967971151051484791e-01 1.000000000000000000e+00 1.000000000000000000e+00 -2.489199999999999413e+00
5.219118085481410096e-01 3.000000000000000000e+00 2.000000000000000000e+00 4.050520000000002341e+00
7.472859639825711886e-01 1.000000000000000000e+00 5.000000000000000000e+00 3.515220000000001122e+00
2.155779546050313744e-01 4.000000000000000000e+00 1.300000000000000000e+01 2.366000000000000547e+00
8.001268711055705696e-01 1.000000000000000000e+00 3.000000000000000000e+00 -7.775999999999985146e-01
8.875527884677583135e-01 1.000000000000000000e+00 3.000000000000000000e+00 1.606300000000000061e+00
3.044504487606330967e-01 4.000000000000000000e+00 7.000000000000000000e+00 -3.963999999999995083e+00
5.237483929827750906e-01 2.000000000000000000e+00 6.000000000000000000e+00 -2.925799999999998846e+00
6.934626300241422125e-01 1.000000000000000000e+00 2.000000000000000000e+00 -5.480000000000000426e-01
5.504654724407863631e-01 5.000000000000000000e+00 6.000000000000000000e+00 1.031399999999999650e+00
4.795672584018237927e-01 2.000000000000000000e+00 3.000000000000000000e+00 -1.829199999999999493e+00
6.109364137079132950e-01 1.000000000000000000e+00 3.000000000000000000e+00 -6.812000000000002498e-01
5.326047606685795771e-02 6.000000000000000000e+00 1.200000000000000000e+01 -5.954800000000002314e+00
6.557764827441044941e-01 0.000000000000000000e+00 9.000000000000000000e+00 2.043199999999999683e+00
7.521450742487875152e-01 2.000000000000000000e+00 2.000000000000000000e+00 -2.105000000000000759e-01
4.162957709811567764e-01 3.000000000000000000e+00 5.000000000000000000e+00 -3.885999999999999233e+00
5.056115139755983368e-01 3.000000000000000000e+00 3.000000000000000000e+00 1.921170000000000044e+00
8.384689305342226673e-01 2.000000000000000000e+00 6.000000000000000000e+00 2.947300000000000253e+00
7.326761559104263410e-01 1.000000000000000000e+00 2.000000000000000000e+00 3.639000000000002455e+00
3.122698297151363933e-01 5.000000000000000000e+00 3.000000000000000000e+00 -2.428199999999993697e+00
7.375164379259363523e-01 1.000000000000000000e+00 2.000000000000000000e+00 9.490999999999997216e-01
9.159203745510040573e-01 1.000000000000000000e+00 5.000000000000000000e+00 2.124600000000000044e+00
6.885491116580254589e-01 2.000000000000000000e+00 8.000000000000000000e+00 1.701799999999999979e+00
4.944861326467558937e-01 1.000000000000000000e+00 4.000000000000000000e+00 -1.806499999999998440e+00
7.742663495119839201e-01 2.000000000000000000e+00 6.000000000000000000e+00 2.525600000000000733e+00
6.460832424087162851e-01 2.000000000000000000e+00 3.000000000000000000e+00 -2.213099999999998957e+00
9.170355239077467857e-01 1.000000000000000000e+00 4.000000000000000000e+00 2.522000000000001130e+00
7.046383457729449296e-01 1.000000000000000000e+00 7.000000000000000000e+00 5.030900000000002592e+00
1.957909326573967768e-01 3.000000000000000000e+00 7.000000000000000000e+00 -3.330399999999997362e+00
4.565852866041509306e-01 1.000000000000000000e+00 5.000000000000000000e+00 -2.182899999999996510e+00
5.019912825731042139e-01 0.000000000000000000e+00 7.000000000000000000e+00 -4.111999999999997879e-01
1.685610297305967509e-01 2.000000000000000000e+00 8.000000000000000000e+00 -2.204499999999996795e+00
4.113256120584243281e-01 2.000000000000000000e+00 1.400000000000000000e+01 5.896000000000031216e-01
6.089217233728878576e-01 2.000000000000000000e+00 7.000000000000000000e+00 2.540399999999999991e+00
2.716996149830052110e-01 4.000000000000000000e+00 1.600000000000000000e+01 3.581900000000002304e+00
5.584635043283493472e-01 0.000000000000000000e+00 5.000000000000000000e+00 5.344200000000001172e-01
3.907761063536747126e-01 3.000000000000000000e+00 7.000000000000000000e+00 -1.728699999999996129e+00
3.342275857333280586e-01 5.000000000000000000e+00 7.000000000000000000e+00 -1.027599999999996738e+00
4.479487717136927949e-01 0.000000000000000000e+00 1.000000000000000000e+00 -4.600000000000001865e-01
5.516051666270175291e-01 2.000000000000000000e+00 7.000000000000000000e+00 -1.416229999999996991e+00
1.600569218549114658e-01 5.000000000000000000e+00 8.000000000000000000e+00 2.883000000000000895e+00
2.911679610675176333e-01 1.000000000000000000e+00 0.000000000000000000e+00 -5.738199999999999967e-01
7.252810948656529533e-01 2.000000000000000000e+00 0.000000000000000000e+00 2.396799999999999375e+00
3.327956777277973344e-01 3.000000000000000000e+00 6.000000000000000000e+00 2.752900000000000791e+00
4.903139916606697457e-01 2.000000000000000000e+00 2.000000000000000000e+00 -1.935099999999999598e+00
3.595718339419476384e-01 4.000000000000000000e+00 4.000000000000000000e+00 6.640000000000068070e-01
3.387247955446623382e-01 2.000000000000000000e+00 6.000000000000000000e+00 -1.574999999999993072e+00
8.915973887511962070e-01 1.000000000000000000e+00 4.000000000000000000e+00 1.123599999999999710e+00
5.673159936374233547e-01 1.000000000000000000e+00 4.000000000000000000e+00 5.735800000000005561e+00
3.600033711135652292e-01 3.000000000000000000e+00 2.000000000000000000e+00 2.818700000000001982e+00
4.502343991962504122e-01 2.000000000000000000e+00 7.000000000000000000e+00 -5.252199999999995761e+00
5.575984027515635821e-01 0.000000000000000000e+00 7.000000000000000000e+00 4.406500000000002970e+00
7.267067956849779797e-01 2.000000000000000000e+00 0.000000000000000000e+00 1.663299999999999335e+00
7.729574057454922098e-01 2.000000000000000000e+00 1.000000000000000000e+00 2.647100000000000897e+00
4.464676386031495858e-01 1.000000000000000000e+00 4.000000000000000000e+00 -9.421999999999994824e-01
7.916266736810947391e-01 2.000000000000000000e+00 2.000000000000000000e+00 1.683800000000000185e+00
8.234842482068295277e-01 2.000000000000000000e+00 5.000000000000000000e+00 3.864220000000002209e+00
4.296284276607755248e-01 1.000000000000000000e+00 4.000000000000000000e+00 4.306200000000022232e-01
1.349542986576630632e-01 3.000000000000000000e+00 9.000000000000000000e+00 -4.552999999999997272e+00
7.452640844090571148e-01 0.000000000000000000e+00 3.000000000000000000e+00 2.640780000000000349e+00
5.056130599451502672e-01 4.000000000000000000e+00 3.000000000000000000e+00 -1.971399999999999375e+00
4.868177162434825789e-01 1.000000000000000000e+00 0.000000000000000000e+00 8.289999999999980718e-02
6.947493605223516999e-01 0.000000000000000000e+00 4.000000000000000000e+00 2.977600000000000691e+00
4.405239081954190339e-02 2.300000000000000000e+01 2.000000000000000000e+01 -1.710999999999879839e-01
2.662105160721559560e-01 4.000000000000000000e+00 7.000000000000000000e+00 9.949000000000005617e-01
3.834939613623082610e-02 0.000000000000000000e+00 2.400000000000000000e+01 8.065500000000010772e+00
5.002416120032132651e-01 2.000000000000000000e+00 5.000000000000000000e+00 -2.668899999999993611e+00
7.610614713574507251e-01 0.000000000000000000e+00 4.000000000000000000e+00 2.745500000000000718e+00
3.156225781132535047e-01 2.000000000000000000e+00 9.000000000000000000e+00 4.589300000000004154e+00
4.486891198616770882e-01 2.000000000000000000e+00 2.000000000000000000e+00 4.477520000000004607e+00
7.917008728090154657e-01 2.000000000000000000e+00 7.000000000000000000e+00 3.924320000000002473e+00
1.945331524296553538e-01 2.000000000000000000e+00 7.000000000000000000e+00 -2.849799999999997446e+00
4.685049398138285137e-01 1.000000000000000000e+00 2.000000000000000000e+00 5.715000000000003411e-01
2.207691240393269694e-01 5.000000000000000000e+00 7.000000000000000000e+00 3.472999999999997756e-01
3.938223399156757787e-01 2.000000000000000000e+00 7.000000000000000000e+00 2.537600000000000300e+00
2.002221089754511740e-01 4.000000000000000000e+00 1.000000000000000000e+01 2.744000000000108574e-01
3.239500696932370860e-02 0.000000000000000000e+00 2.700000000000000000e+01 7.709800000000011089e+00
8.449349532973585708e-01 2.000000000000000000e+00 4.000000000000000000e+00 1.855099999999999749e+00
6.904010628546759509e-01 0.000000000000000000e+00 5.000000000000000000e+00 2.361699999999999910e+00
6.935078414535659208e-01 2.000000000000000000e+00 2.000000000000000000e+00 2.418800000000000505e+00
7.103389311260182026e-01 1.000000000000000000e+00 5.000000000000000000e+00 3.274200000000002220e+00
7.371079850569327574e-01 1.000000000000000000e+00 0.000000000000000000e+00 3.735100000000002751e+00
2.309123986410239679e-02 0.000000000000000000e+00 2.800000000000000000e+01 9.029000000000005244e+00
3.965142122792756907e-01 4.000000000000000000e+00 8.000000000000000000e+00 2.998300000000001742e+00
7.169097261751299077e-02 1.000000000000000000e+00 1.400000000000000000e+01 -7.443999999999972861e-01
7.246193884726755963e-01 2.000000000000000000e+00 1.000000000000000000e+00 1.429000000000000492e+00
4.489304892314893158e-01 4.000000000000000000e+00 2.000000000000000000e+00 -2.563000000000000167e+00
9.768790069273601551e-02 3.000000000000000000e+00 1.200000000000000000e+01 -3.276399999999992652e+00
2.607021590242338260e-01 4.000000000000000000e+00 8.000000000000000000e+00 1.003700000000003811e+00
8.573608029344721437e-01 1.000000000000000000e+00 2.000000000000000000e+00 4.447999999999996956e-01
1.725076617223600950e-01 3.000000000000000000e+00 1.000000000000000000e+01 3.656800000000003159e+00
6.556810636239287504e-01 1.000000000000000000e+00 4.000000000000000000e+00 -9.282999999999994589e-01
4.650651121072081895e-01 0.000000000000000000e+00 6.000000000000000000e+00 3.057600000000001650e+00
7.769172005734155118e-01 3.000000000000000000e+00 2.000000000000000000e+00 1.948499999999999455e+00
5.550238408348899810e-01 3.000000000000000000e+00 4.000000000000000000e+00 -1.638400000000000301e+00
9.108729351208285641e-01 1.000000000000000000e+00 5.000000000000000000e+00 1.702699999999999880e+00
6.960164410604958718e-01 3.000000000000000000e+00 2.000000000000000000e+00 1.781599999999999628e+00
2.725371784423210042e-01 1.000000000000000000e+00 9.000000000000000000e+00 4.666800000000004722e+00
8.239887395817647731e-01 1.000000000000000000e+00 3.000000000000000000e+00 4.505999999999999450e-01
8.878464859585778746e-02 1.100000000000000000e+01 1.300000000000000000e+01 -8.537700000000024048e+00
6.178826033192907907e-01 3.000000000000000000e+00 2.000000000000000000e+00 8.191999999999999282e-01
7.377751534580851978e-01 3.000000000000000000e+00 5.000000000000000000e+00 3.588400000000000922e+00
6.202451172309645377e-01 1.000000000000000000e+00 4.000000000000000000e+00 1.750999999999995338e-01
6.056612119155391216e-01 4.000000000000000000e+00 3.000000000000000000e+00 4.931000000000001493e-01
7.379781899711380655e-01 1.000000000000000000e+00 8.000000000000000000e+00 3.237500000000002487e+00
5.873317628881506991e-01 1.000000000000000000e+00 8.000000000000000000e+00 1.959400000000001585e+00
2.403175350087469186e-01 7.000000000000000000e+00 5.000000000000000000e+00 -4.239499999999991608e+00
2.872231264686105345e-01 2.000000000000000000e+00 9.000000000000000000e+00 4.110420000000003071e+00
2.261047387910402329e-01 3.000000000000000000e+00 9.000000000000000000e+00 -1.683999999999985508e-01
4.511127524795085497e-01 1.000000000000000000e+00 4.000000000000000000e+00 -2.672499999999999432e+00
4.376677409388703976e-01 3.000000000000000000e+00 0.000000000000000000e+00 4.332000000000000295e-01
7.066383716903225087e-01 1.000000000000000000e+00 8.000000000000000000e+00 1.828399999999998915e+00
5.050080221614157150e-01 1.000000000000000000e+00 2.000000000000000000e+00 1.801779999999999937e+00
1.135271087248739819e-01 5.000000000000000000e+00 8.000000000000000000e+00 -5.008200000000005758e+00
8.221690144108170228e-01 2.000000000000000000e+00 2.000000000000000000e+00 1.532800000000000162e+00
5.456239222138054012e-01 2.000000000000000000e+00 4.000000000000000000e+00 -3.011399999999999633e+00
5.118038610851030068e-01 1.000000000000000000e+00 1.000000000000000000e+00 5.754800000000006577e+00
1.964945454404311842e-01 7.000000000000000000e+00 4.000000000000000000e+00 -3.562099999999992939e+00
7.264716349875465218e-01 2.000000000000000000e+00 6.000000000000000000e+00 2.891000000000001791e+00
4.316419737628916509e-01 2.000000000000000000e+00 7.000000000000000000e+00 6.223500000000008470e+00
6.559315977745084902e-01 3.000000000000000000e+00 1.000000000000000000e+00 4.450999999999997736e-01
6.797744218025023599e-01 1.000000000000000000e+00 4.000000000000000000e+00 1.554699999999999971e+00
7.688230682510169833e-01 2.000000000000000000e+00 3.000000000000000000e+00 5.559999999999997167e-01
6.360029010845844599e-01 0.000000000000000000e+00 9.000000000000000000e+00 1.348999999999999311e+00
7.889166894215319248e-01 2.000000000000000000e+00 5.000000000000000000e+00 1.166639999999999899e+00
8.309205790821710957e-01 2.000000000000000000e+00 5.000000000000000000e+00 8.726000000000000423e-01
5.384628262372215257e-01 0.000000000000000000e+00 0.000000000000000000e+00 -1.029300000000000104e+00
2.055036455078856350e-01 2.000000000000000000e+00 7.000000000000000000e+00 -1.043899999999995609e+00
3.203311326860454611e-01 5.000000000000000000e+00 4.000000000000000000e+00 -2.434699999999998532e+00
6.777330392394069758e-01 0.000000000000000000e+00 7.000000000000000000e+00 2.000299999999999745e+00
6.263698534142854157e-01 2.000000000000000000e+00 4.000000000000000000e+00 -1.733399999999997609e+00
2.647687878561572616e-01 2.000000000000000000e+00 1.000000000000000000e+01 -5.785999999999913435e-02
4.464104917907699699e-01 0.000000000000000000e+00 4.000000000000000000e+00 -1.062199999999999811e+00
1.476386034620724985e-01 2.000000000000000000e+00 7.000000000000000000e+00 -2.489899999999996894e+00
4.959024151904240507e-01 2.000000000000000000e+00 7.000000000000000000e+00 -2.339399999999998592e+00
7.801807549389679908e-01 0.000000000000000000e+00 4.000000000000000000e+00 1.770999999999999908e+00
7.492829081230544253e-01 1.000000000000000000e+00 8.000000000000000000e+00 2.858400000000000496e+00
3.294485526412069820e-01 1.000000000000000000e+00 9.000000000000000000e+00 3.677800000000002179e+00
6.945829459077618173e-01 1.000000000000000000e+00 5.000000000000000000e+00 -3.855999999999992767e-01
9.272251603158190303e-01 1.000000000000000000e+00 3.000000000000000000e+00 2.822300000000001141e+00
3.966122214202092433e-01 3.000000000000000000e+00 2.000000000000000000e+00 -2.605099999999999749e+00
5.688769559435354894e-01 2.000000000000000000e+00 4.000000000000000000e+00 2.376000000000000334e+00
1.482229653998044516e-01 1.000000000000000000e+00 1.800000000000000000e+01 6.225200000000006284e+00
7.779554714467356025e-01 2.000000000000000000e+00 5.000000000000000000e+00 2.632800000000000473e+00
6.057206690801090199e-01 1.000000000000000000e+00 5.000000000000000000e+00 1.883999999999999897e+00
7.180018360911578634e-01 2.000000000000000000e+00 0.000000000000000000e+00 3.612600000000002254e+00
8.635923229894609809e-01 2.000000000000000000e+00 5.000000000000000000e+00 3.314020000000001076e+00
7.908811998416238609e-01 2.000000000000000000e+00 6.000000000000000000e+00 1.263299999999999867e+00
3.456533497496560026e-01 5.000000000000000000e+00 2.000000000000000000e+00 -3.951799999999992874e+00
7.386415275698295924e-01 1.000000000000000000e+00 5.000000000000000000e+00 1.149099999999999566e+00
2.401813973941917535e-01 3.000000000000000000e+00 6.000000000000000000e+00 1.253300000000005410e+00
2.571575036828200878e-01 1.000000000000000000e+00 1.000000000000000000e+00 3.191999999999998727e-01
8.027317798737515497e-01 1.000000000000000000e+00 3.000000000000000000e+00 2.370899999999999785e+00
6.851425387768039776e-01 3.000000000000000000e+00 2.000000000000000000e+00 1.803600000000000092e+00
6.824742759500860290e-01 1.000000000000000000e+00 2.000000000000000000e+00 3.037700000000000955e+00
3.260487541378541687e-01 2.000000000000000000e+00 5.000000000000000000e+00 2.990400000000002834e+00
6.959458087126418890e-01 1.000000000000000000e+00 4.000000000000000000e+00 1.353119999999998990e+00
7.314900236053013538e-01 0.000000000000000000e+00 5.000000000000000000e+00 1.930000000000000604e-01
2.088099592561856455e-01 6.000000000000000000e+00 9.000000000000000000e+00 -1.432199999999999918e+00
2.534533004966204109e-02 2.400000000000000000e+01 4.000000000000000000e+01 -7.681600000000025297e+00
1.467237929255473805e-01 3.000000000000000000e+00 9.000000000000000000e+00 -2.446699999999992770e+00
8.341841779500598353e-01 1.000000000000000000e+00 7.000000000000000000e+00 2.874900000000001121e+00
4.698712654510974751e-01 1.000000000000000000e+00 5.000000000000000000e+00 4.065920000000003753e+00
2.309292966157701632e-01 2.000000000000000000e+00 8.000000000000000000e+00 -3.214199999999997281e+00
7.200102973128709172e-01 0.000000000000000000e+00 4.000000000000000000e+00 2.592620000000000147e+00
7.386170940393365081e-01 1.000000000000000000e+00 3.000000000000000000e+00 -3.953999999999981974e-01
6.804106110502453619e-01 1.000000000000000000e+00 8.000000000000000000e+00 -1.265000000000002789e-01
7.368032866436378114e-01 2.000000000000000000e+00 1.000000000000000000e+00 4.331999999999998630e-01
3.658264038847418576e-01 1.000000000000000000e+00 7.000000000000000000e+00 -1.970779999999997978e+00
7.396454416164581769e-01 1.000000000000000000e+00 4.000000000000000000e+00 1.395699999999999941e+00
5.362593998420219776e-01 3.000000000000000000e+00 4.000000000000000000e+00 1.884499999999999842e+00
5.495134918977112592e-01 0.000000000000000000e+00 3.000000000000000000e+00 -2.857899999999997220e+00
4.400503700983830480e-01 1.000000000000000000e+00 1.400000000000000000e+01 3.684580000000003075e+00
8.020506518442636068e-01 1.000000000000000000e+00 3.000000000000000000e+00 7.960000000000000409e-01
6.498890462135971102e-01 2.000000000000000000e+00 2.000000000000000000e+00 -7.090799999999999326e-01
6.661029067869589371e-01 1.000000000000000000e+00 5.000000000000000000e+00 2.854100000000001636e+00
8.143548253322204777e-01 1.000000000000000000e+00 2.000000000000000000e+00 2.856300000000000949e+00
7.267502579317811628e-01 0.000000000000000000e+00 3.000000000000000000e+00 3.333300000000002150e+00
6.103773567143790935e-01 2.000000000000000000e+00 2.000000000000000000e+00 -1.625599999999997047e+00
3.015536684487960528e-01 4.000000000000000000e+00 9.000000000000000000e+00 -2.002999999999997449e+00
6.323216792380669249e-01 2.000000000000000000e+00 2.000000000000000000e+00 -1.310700000000000198e+00
1.126474840736179234e-01 1.300000000000000000e+01 1.000000000000000000e+01 -1.057460000000001621e+01
5.171431157408912238e-01 4.000000000000000000e+00 6.000000000000000000e+00 2.122699999999999143e+00
1.900584223813968077e-01 2.000000000000000000e+00 9.000000000000000000e+00 -2.594599999999996243e+00
8.127457736436499713e-02 1.000000000000000000e+01 6.000000000000000000e+00 -6.798099999999990040e+00
6.868058080327061887e-01 2.000000000000000000e+00 6.000000000000000000e+00 2.403900000000000148e+00
1.196814613902478369e-01 1.100000000000000000e+01 1.000000000000000000e+01 -8.549800000000015388e+00
5.992252350375154579e-01 2.000000000000000000e+00 1.000000000000000000e+01 2.248499999999999943e+00
4.717304836678942181e-01 3.000000000000000000e+00 1.100000000000000000e+01 5.658000000000025231e-01
8.572261348664234060e-01 1.000000000000000000e+00 5.000000000000000000e+00 2.068000000000000060e+00
7.457264974219424136e-01 1.000000000000000000e+00 4.000000000000000000e+00 5.606199999999996741e-01
4.951189883355445187e-01 0.000000000000000000e+00 0.000000000000000000e+00 1.884299999999999864e+00
7.765502613581080071e-01 0.000000000000000000e+00 4.000000000000000000e+00 2.669100000000001138e+00
8.529268376801334151e-02 1.200000000000000000e+01 1.300000000000000000e+01 -2.679999999999393978e-02
6.715794348622700083e-01 3.000000000000000000e+00 7.000000000000000000e+00 2.995000000000001550e-01
1.417325777031970893e-02 2.200000000000000000e+01 6.600000000000000000e+01 -1.866109999999996560e+01
6.481668237451134740e-01 3.000000000000000000e+00 2.000000000000000000e+00 -2.974000000000004418e-01
8.498120203195161926e-01 1.000000000000000000e+00 1.000000000000000000e+00 3.129500000000001059e+00
4.838627781881248424e-01 1.000000000000000000e+00 4.000000000000000000e+00 4.973400000000005150e+00
5.112720238933169403e-01 3.000000000000000000e+00 1.000000000000000000e+00 -2.253599999999996051e+00
4.981022142507373074e-01 1.000000000000000000e+00 2.000000000000000000e+00 -2.430299999999999017e+00
2.222137920742681405e-01 5.000000000000000000e+00 8.000000000000000000e+00 1.022600000000008613e+00
2.175177862094772319e-01 7.000000000000000000e+00 7.000000000000000000e+00 -3.108019999999997118e+00
7.264898622071707113e-01 1.000000000000000000e+00 2.000000000000000000e+00 -1.207799999999997764e+00
1.678479463099951177e-02 9.000000000000000000e+00 5.600000000000000000e+01 4.972900000000014309e+00
2.726079815690575225e-01 5.000000000000000000e+00 2.000000000000000000e+00 -3.373499999999995502e+00
6.917568116910904896e-01 2.000000000000000000e+00 4.000000000000000000e+00 8.083000000000000185e-01
6.322468733301139787e-01 2.000000000000000000e+00 5.000000000000000000e+00 1.006699999999999706e+00
3.172260510598308714e-01 2.000000000000000000e+00 6.000000000000000000e+00 5.475600000000007128e+00
7.639757614487598936e-01 1.000000000000000000e+00 5.000000000000000000e+00 2.176899999999999835e+00
7.588553239134157025e-01 1.000000000000000000e+00 6.000000000000000000e+00 3.053220000000001377e+00
6.917080118589351567e-01 0.000000000000000000e+00 6.000000000000000000e+00 4.422100000000003917e+00
7.888476665596757531e-01 1.000000000000000000e+00 2.000000000000000000e+00 2.408320000000000682e+00
7.437635043017546410e-01 0.000000000000000000e+00 7.000000000000000000e+00 8.607999999999997875e-01
2.465706381698166971e-01 1.000000000000000000e+00 4.000000000000000000e+00 6.856000000000007866e+00
6.257737929632611884e-01 1.000000000000000000e+00 8.000000000000000000e+00 2.989420000000000854e+00
6.659702056085906596e-01 1.000000000000000000e+00 2.000000000000000000e+00 1.979000000000000314e+00
7.311601101109693746e-01 1.000000000000000000e+00 6.000000000000000000e+00 1.951399999999999135e+00
4.701697526686685613e-01 2.000000000000000000e+00 7.000000000000000000e+00 2.278500000000000636e+00
1.810421073272535930e-01 3.000000000000000000e+00 9.000000000000000000e+00 4.469500000000003581e+00
5.232780259906572029e-01 4.000000000000000000e+00 5.000000000000000000e+00 -1.307299999999999907e+00
5.815244966049596398e-01 2.000000000000000000e+00 1.200000000000000000e+01 7.515800000000012471e-01
2.103751730409632592e-01 3.000000000000000000e+00 6.000000000000000000e+00 1.361099999999999977e+00
9.106988229239898480e-01 1.000000000000000000e+00 4.000000000000000000e+00 3.111300000000002619e+00
7.446971593088007602e-01 0.000000000000000000e+00 3.000000000000000000e+00 3.248840000000001282e+00
6.058045539970716709e-01 4.000000000000000000e+00 1.000000000000000000e+00 1.708199999999999941e+00
3.176609548346507883e-01 3.000000000000000000e+00 7.000000000000000000e+00 -9.889999999999958824e-01
6.313255490777444079e-01 0.000000000000000000e+00 2.000000000000000000e+00 2.547700000000000742e+00
2.035293709919910043e-01 2.000000000000000000e+00 7.000000000000000000e+00 -1.957199999999995832e+00
4.349723359249219046e-02 1.300000000000000000e+01 1.700000000000000000e+01 1.048000000000074983e-01
3.832200999836573030e-01 3.000000000000000000e+00 8.000000000000000000e+00 2.471099999999999852e+00
7.159973252418596612e-01 1.000000000000000000e+00 1.000000000000000000e+00 -1.587999999999993861e-01
3.761992693240132080e-01 3.000000000000000000e+00 8.000000000000000000e+00 -8.028999999999972825e-01
3.409247092418569713e-01 3.000000000000000000e+00 7.000000000000000000e+00 4.658100000000006347e+00
7.061199941406973712e-01 1.000000000000000000e+00 7.000000000000000000e+00 7.168000000000007699e-01
5.970041677279345205e-01 0.000000000000000000e+00 6.000000000000000000e+00 2.270999999999999908e+00
8.576683555451130037e-01 2.000000000000000000e+00 5.000000000000000000e+00 2.479439999999999422e+00
6.832295569368717070e-01 2.000000000000000000e+00 6.000000000000000000e+00 1.267300000000000093e+00
7.407442417149674441e-01 0.000000000000000000e+00 3.000000000000000000e+00 2.659159999999999968e+00
5.755860893833778524e-01 1.000000000000000000e+00 4.000000000000000000e+00 4.430000000000004157e+00
4.136937154251511539e-01 3.000000000000000000e+00 3.000000000000000000e+00 4.297000000000003039e-01
2.571851720348717341e-01 6.000000000000000000e+00 6.000000000000000000e+00 -3.585399999999992815e+00
3.881689421344111102e-01 3.000000000000000000e+00 9.000000000000000000e+00 1.940999999999999392e+00
6.713242739696401173e-01 1.000000000000000000e+00 3.000000000000000000e+00 -9.609999999999996323e-01
8.617161250864191491e-01 1.000000000000000000e+00 1.000000000000000000e+00 2.651220000000000354e+00
6.207397023641477718e-01 0.000000000000000000e+00 6.000000000000000000e+00 4.060800000000002186e+00
1.854028783479699238e-01 1.000000000000000000e+00 1.200000000000000000e+01 7.613300000000007728e+00
3.517855251766675018e-01 4.000000000000000000e+00 8.000000000000000000e+00 -3.984399999999997277e+00
4.129022676816340165e-01 4.000000000000000000e+00 9.000000000000000000e+00 1.746000000000000885e+00
1.991773036478383663e-01 1.000000000000000000e+00 1.700000000000000000e+01 2.962100000000000399e+00
6.771640709615071030e-01 2.000000000000000000e+00 7.000000000000000000e+00 2.819900000000001405e+00
7.422585746141953100e-01 2.000000000000000000e+00 1.000000000000000000e+00 -3.688999999999991175e-01
3.408224280691892760e-01 2.000000000000000000e+00 5.000000000000000000e+00 -1.890499999999997627e+00
7.467313427893867983e-01 1.000000000000000000e+00 4.000000000000000000e+00 -1.052599999999999092e+00
3.659166129867810757e-01 3.000000000000000000e+00 7.000000000000000000e+00 3.173220000000001484e+00
8.789080614432031036e-01 1.000000000000000000e+00 5.000000000000000000e+00 8.772000000000002018e-01
8.340551096763431094e-01 2.000000000000000000e+00 3.000000000000000000e+00 9.570999999999998398e-01
7.964461277127532490e-01 1.000000000000000000e+00 4.000000000000000000e+00 3.964300000000003266e+00
5.234372068442691983e-01 1.000000000000000000e+00 5.000000000000000000e+00 3.412200000000002120e+00
3.654633725515254450e-01 2.000000000000000000e+00 7.000000000000000000e+00 -1.560299999999996245e+00
6.390440386918260218e-01 1.000000000000000000e+00 3.000000000000000000e+00 -1.570000000000004725e-01
4.313371447281131865e-01 3.000000000000000000e+00 1.400000000000000000e+01 2.746900000000001008e+00
8.276823770187530238e-02 7.000000000000000000e+00 9.000000000000000000e+00 -5.120100000000009643e+00
1.161733722404602459e-01 4.000000000000000000e+00 1.000000000000000000e+01 5.722400000000009257e+00
4.796796282412840728e-01 3.000000000000000000e+00 5.000000000000000000e+00 1.289600000000001412e+00
1.078710766094392037e-01 2.000000000000000000e+00 8.000000000000000000e+00 -3.316899999999996851e+00
8.414535031574953416e-01 2.000000000000000000e+00 6.000000000000000000e+00 2.848600000000001131e+00
2.791717829619849156e-01 1.000000000000000000e+00 8.000000000000000000e+00 5.904600000000005622e+00
3.728081810541152286e-01 1.000000000000000000e+00 9.000000000000000000e+00 3.989640000000002296e+00
6.672134969921049708e-01 3.000000000000000000e+00 2.000000000000000000e+00 1.895700000000000163e+00
1.780886656774962606e-01 5.000000000000000000e+00 7.000000000000000000e+00 -1.758499999999984187e+00
6.786862062184118027e-02 1.400000000000000000e+01 1.400000000000000000e+01 -9.270999999999860464e-01
5.967583807359455594e-01 2.000000000000000000e+00 8.000000000000000000e+00 3.293400000000001882e+00
7.608854164782016261e-01 2.000000000000000000e+00 6.000000000000000000e+00 3.008500000000002395e+00
5.437695227604174564e-01 1.000000000000000000e+00 4.000000000000000000e+00 4.926800000000004509e+00
1.609294992272685687e-01 6.000000000000000000e+00 6.000000000000000000e+00 1.315300000000005243e+00
8.360871289332389988e-01 1.000000000000000000e+00 4.000000000000000000e+00 8.407000000000004469e-01
8.306226664509899216e-01 1.000000000000000000e+00 4.000000000000000000e+00 1.056799999999999518e+00
8.249218144126529983e-01 2.000000000000000000e+00 5.000000000000000000e+00 5.560000000000000497e-01
6.054699434636188204e-01 1.000000000000000000e+00 1.100000000000000000e+01 3.070700000000002206e+00
3.529258957547205811e-02 1.600000000000000000e+01 2.400000000000000000e+01 -3.894299999999989215e+00
4.847733126082574562e-01 1.000000000000000000e+00 7.000000000000000000e+00 4.245200000000003193e+00
3.618940615024617696e-02 2.300000000000000000e+01 1.900000000000000000e+01 -3.950999999999866841e-01
1.931140545624997484e-01 8.000000000000000000e+00 6.000000000000000000e+00 -7.028100000000009118e+00
3.607346831911645291e-01 0.000000000000000000e+00 8.000000000000000000e+00 4.445620000000004346e+00
6.969609011482168492e-01 3.000000000000000000e+00 5.000000000000000000e+00 1.117899999999999450e+00
1.645862016113967818e-01 2.000000000000000000e+00 1.400000000000000000e+01 8.682600000000002538e+00
5.690637931743532940e-01 2.000000000000000000e+00 1.200000000000000000e+01 1.339700000000001445e+00
5.246403478312967605e-01 2.000000000000000000e+00 1.000000000000000000e+01 2.380900000000000460e+00
4.148740150028595308e-01 1.000000000000000000e+00 2.000000000000000000e+00 -5.385999999999997456e-01
8.828145454996704222e-01 1.000000000000000000e+00 5.000000000000000000e+00 2.889200000000001545e+00
3.248251741472822918e-01 4.000000000000000000e+00 8.000000000000000000e+00 -2.786699999999993516e+00
6.373631310701098895e-01 3.000000000000000000e+00 7.000000000000000000e+00 6.944000000000012385e-01
2.647058309953126409e-01 0.000000000000000000e+00 1.400000000000000000e+01 9.157600000000000406e+00
7.368838068366226901e-01 2.000000000000000000e+00 2.000000000000000000e+00 7.004000000000000226e-01
6.385441833835213687e-01 0.000000000000000000e+00 1.000000000000000000e+00 1.799199999999999910e+00
4.653292691659270397e-01 1.000000000000000000e+00 2.000000000000000000e+00 -1.465300000000000491e+00
4.789402507554138544e-01 1.000000000000000000e+00 6.000000000000000000e+00 1.842899999999999539e+00
1.935844723000974266e-01 3.000000000000000000e+00 8.000000000000000000e+00 4.581999999999996076e-01
6.069831028443924970e-01 3.000000000000000000e+00 6.000000000000000000e+00 2.740520000000000955e+00
3.530031293687563299e-01 4.000000000000000000e+00 9.000000000000000000e+00 -1.318799999999998196e+00
1.816146328274677035e-01 1.000000000000000000e+00 9.000000000000000000e+00 -2.063019999999996301e+00
4.687030071114542396e-01 1.000000000000000000e+00 3.000000000000000000e+00 -1.867899999999998339e+00
7.866905113320270537e-01 2.000000000000000000e+00 7.000000000000000000e+00 2.675900000000001278e+00
5.652633463926928226e-01 2.000000000000000000e+00 8.000000000000000000e+00 4.425800000000004175e+00
8.571738261279053805e-01 2.000000000000000000e+00 4.000000000000000000e+00 1.217499999999999583e+00
6.621021756233524957e-01 1.000000000000000000e+00 4.000000000000000000e+00 4.711200000000002497e+00
6.401813333177431842e-01 2.000000000000000000e+00 8.000000000000000000e+00 7.698000000000005949e-01
3.179029304106891218e-01 1.000000000000000000e+00 7.000000000000000000e+00 3.102300000000002278e+00
1.035033946599853982e-01 2.000000000000000000e+00 8.000000000000000000e+00 7.742600000000009253e+00
7.365043879614916467e-01 2.000000000000000000e+00 1.000000000000000000e+00 3.124240000000000350e+00
6.656235641878138765e-01 0.000000000000000000e+00 1.000000000000000000e+00 1.484419999999999851e+00
5.218504526704527136e-01 1.000000000000000000e+00 3.000000000000000000e+00 1.913419999999999899e+00
7.117851696997754551e-01 2.000000000000000000e+00 4.000000000000000000e+00 1.262300000000000200e+00
2.635113402155864204e-01 6.000000000000000000e+00 2.000000000000000000e+00 -2.829199999999994830e+00
4.804393892364973162e-01 3.000000000000000000e+00 3.000000000000000000e+00 -9.562100000000000044e-01
9.429164250092252342e-01 1.000000000000000000e+00 4.000000000000000000e+00 3.029399999999999871e+00
8.893303679320592181e-01 1.000000000000000000e+00 2.000000000000000000e+00 2.447800000000000864e+00
1.258414027008077085e-01 7.000000000000000000e+00 1.800000000000000000e+01 1.225900000000005763e+00
4.069301036876735167e-01 2.000000000000000000e+00 6.000000000000000000e+00 -5.284999999999990816e-01
1.094355225514434260e-01 4.000000000000000000e+00 9.000000000000000000e+00 9.396020000000000039e+00
8.715900836005785468e-01 1.000000000000000000e+00 6.000000000000000000e+00 1.926199999999999468e+00
7.916453362348699896e-01 0.000000000000000000e+00 1.000000000000000000e+00 3.153800000000002157e+00
4.921501033338167019e-01 2.000000000000000000e+00 5.000000000000000000e+00 3.139040000000000497e+00
4.279871612440982465e-01 2.000000000000000000e+00 9.000000000000000000e+00 -6.921799999999977970e-01
5.918851417974102525e-02 1.300000000000000000e+01 2.200000000000000000e+01 -1.586899999999996425e+00
9.040890002345446375e-01 2.000000000000000000e+00 3.000000000000000000e+00 2.841400000000001036e+00
3.588400484832848791e-01 3.000000000000000000e+00 7.000000000000000000e+00 4.913920000000004507e+00
4.959296421275971589e-01 2.000000000000000000e+00 1.000000000000000000e+00 -1.302999999999997494e-01
4.988914769961034223e-01 1.000000000000000000e+00 1.000000000000000000e+00 2.747900000000001342e+00
9.264198841968925846e-01 1.000000000000000000e+00 3.000000000000000000e+00 2.413920000000000954e+00
4.236058600444413957e-01 1.000000000000000000e+00 5.000000000000000000e+00 1.157000000000000028e+00
6.929902896985756788e-01 1.000000000000000000e+00 1.000000000000000000e+01 3.413100000000001799e+00
4.266610236595934358e-02 2.100000000000000000e+01 2.200000000000000000e+01 1.416200000000013448e+00
8.490392659695735755e-01 2.000000000000000000e+00 6.000000000000000000e+00 2.943500000000001116e+00
3.714586315365047131e-01 0.000000000000000000e+00 4.000000000000000000e+00 2.524600000000000399e+00
7.971701178185843784e-01 3.000000000000000000e+00 4.000000000000000000e+00 1.924700000000000077e+00
3.293938952766208295e-01 0.000000000000000000e+00 1.000000000000000000e+00 -1.355100000000000193e+00
1.491836371954831653e-01 5.000000000000000000e+00 5.000000000000000000e+00 7.271999999999996245e-01
3.717601115640009612e-01 1.000000000000000000e+00 8.000000000000000000e+00 1.808600000000000874e+00
7.768106624611699484e-02 8.000000000000000000e+00 6.000000000000000000e+00 9.249439999999998108e+00
4.652621038849950597e-01 0.000000000000000000e+00 9.000000000000000000e+00 2.457400000000000695e+00
5.046161510206949030e-01 1.000000000000000000e+00 2.000000000000000000e+00 -5.490099999999997316e+00
7.731994131332415865e-01 2.000000000000000000e+00 4.000000000000000000e+00 2.401999999999998026e-01
9.400846764720485194e-01 1.000000000000000000e+00 3.000000000000000000e+00 2.838040000000001228e+00
7.089640634394878127e-01 2.000000000000000000e+00 5.000000000000000000e+00 4.947000000000006392e-01
6.727974625310828571e-01 1.000000000000000000e+00 3.000000000000000000e+00 1.955060000000000020e+00
4.527860366395833336e-01 1.000000000000000000e+00 6.000000000000000000e+00 3.201800000000002200e+00
7.581194848865716596e-01 2.000000000000000000e+00 0.000000000000000000e+00 2.492900000000000560e+00
1.115784829171381914e-01 4.000000000000000000e+00 1.500000000000000000e+01 2.524700000000015709e+00
4.108846952573882993e-01 1.000000000000000000e+00 1.000000000000000000e+01 3.886900000000002464e+00
6.052685787725836652e-01 3.000000000000000000e+00 6.000000000000000000e+00 -7.669999999999860263e-02
6.893709827759431086e-01 0.000000000000000000e+00 1.000000000000000000e+00 3.580120000000001745e+00
3.389583327822128234e-01 1.000000000000000000e+00 7.000000000000000000e+00 -8.592999999999977323e-01
6.356672637490319300e-01 2.000000000000000000e+00 6.000000000000000000e+00 -1.244599999999995710e+00
2.207591575088738989e-01 1.000000000000000000e+00 1.100000000000000000e+01 5.519100000000005224e+00
7.740303952237003182e-01 0.000000000000000000e+00 6.000000000000000000e+00 3.173300000000001120e+00
6.855915286895225558e-01 4.000000000000000000e+00 4.000000000000000000e+00 1.380599999999999827e+00
1.171542676333553329e-01 4.000000000000000000e+00 1.600000000000000000e+01 3.467600000000006233e+00
2.611543358846553642e-01 6.000000000000000000e+00 2.000000000000000000e+00 -2.962399999999995259e+00
3.461858313292752731e-01 3.000000000000000000e+00 2.000000000000000000e+00 -1.691000000000001391e-01
6.255674875811106928e-01 2.000000000000000000e+00 4.000000000000000000e+00 1.274800000000000155e+00
5.405530710484014456e-01 1.000000000000000000e+00 3.000000000000000000e+00 5.931020000000004622e+00
3.961670812901599281e-01 0.000000000000000000e+00 5.000000000000000000e+00 2.885800000000001475e+00
2.651692491471670521e-01 0.000000000000000000e+00 7.000000000000000000e+00 5.929720000000005875e+00
1.743942883815827183e-01 0.000000000000000000e+00 1.100000000000000000e+01 5.577300000000005475e+00
1.622146238757446735e-01 6.000000000000000000e+00 7.000000000000000000e+00 2.218100000000002847e+00
1.591960864075843696e-01 7.000000000000000000e+00 7.000000000000000000e+00 -9.334999999999906706e-01
2.406940078360179369e-01 1.000000000000000000e+00 1.100000000000000000e+01 2.617320000000001645e+00
5.927698191036681052e-01 1.000000000000000000e+00 1.000000000000000000e+01 3.885200000000002873e+00
7.351466700288802336e-01 2.000000000000000000e+00 1.000000000000000000e+00 3.814500000000002444e+00
1.736075709750516394e-01 1.000000000000000000e+01 6.000000000000000000e+00 -7.729400000000009818e+00
6.996440987416697732e-01 2.000000000000000000e+00 1.000000000000000000e+00 1.019099999999999895e+00
3.050145476704655412e-01 1.000000000000000000e+00 9.000000000000000000e+00 2.530300000000000438e+00
9.111183620684604190e-01 1.000000000000000000e+00 4.000000000000000000e+00 2.703900000000000858e+00
4.100105879572512602e-01 2.000000000000000000e+00 6.000000000000000000e+00 8.901999999999994362e-01
4.636827559467827653e-01 1.000000000000000000e+00 8.000000000000000000e+00 3.895900000000002805e+00
6.699841555806897997e-01 3.000000000000000000e+00 1.000000000000000000e+00 1.410000000000055653e-02
3.698363757956494302e-01 1.000000000000000000e+00 1.000000000000000000e+01 -6.726999999999943025e-01
3.532768225553192254e-01 3.000000000000000000e+00 1.000000000000000000e+01 2.711800000000000210e+00
3.945215374831255728e-01 1.000000000000000000e+00 5.000000000000000000e+00 -2.543000000000001926e-01
5.760234412491368472e-01 1.000000000000000000e+00 1.000000000000000000e+01 1.892900000000001359e+00
4.072173054345192694e-02 3.000000000000000000e+00 2.500000000000000000e+01 1.076449999999999640e+01
6.499855803367837748e-01 1.000000000000000000e+00 1.000000000000000000e+00 2.950700000000001211e+00
3.424280782293521730e-01 2.000000000000000000e+00 7.000000000000000000e+00 -3.256299999999997752e+00
1.859509871425671645e-01 3.000000000000000000e+00 1.100000000000000000e+01 4.957500000000003126e+00
7.076058475970252726e-01 2.000000000000000000e+00 2.000000000000000000e+00 3.704999999999989968e-01
6.526150429771297723e-02 1.400000000000000000e+01 1.300000000000000000e+01 -8.721900000000010422e+00
5.182307671080722544e-01 1.000000000000000000e+00 5.000000000000000000e+00 -9.971999999999987541e-01
2.160964885207754815e-01 7.000000000000000000e+00 5.000000000000000000e+00 1.864699999999996360e-01
1.326821313747553743e-01 3.000000000000000000e+00 8.000000000000000000e+00 -2.639299999999995094e+00
7.792136827945354005e-01 1.000000000000000000e+00 5.000000000000000000e+00 2.519900000000000695e+00
2.120409462153181879e-01 2.000000000000000000e+00 7.000000000000000000e+00 -1.279899999999995819e+00
7.233587999857974404e-01 1.000000000000000000e+00 1.000000000000000000e+00 8.779999999999993365e-02
6.242517967075477126e-01 1.000000000000000000e+00 2.000000000000000000e+00 8.594999999999994866e-01
1.479247146733168594e-01 5.000000000000000000e+00 1.500000000000000000e+01 3.269000000000004569e+00
4.867976668777316274e-01 3.000000000000000000e+00 3.000000000000000000e+00 -1.999300000000000965e+00
6.570876780346588397e-01 2.000000000000000000e+00 9.000000000000000000e+00 2.169000000000001371e+00
5.004564356679511716e-01 1.000000000000000000e+00 0.000000000000000000e+00 1.082689999999999930e+00
5.014913838271434221e-01 3.000000000000000000e+00 0.000000000000000000e+00 5.976900000000000546e-01
4.631442052192749625e-01 1.000000000000000000e+00 5.000000000000000000e+00 -1.461399999999999588e+00
4.986538982254488106e-01 2.000000000000000000e+00 8.000000000000000000e+00 1.549500000000000766e+00
6.437388933939228730e-01 1.000000000000000000e+00 8.000000000000000000e+00 2.857900000000001661e+00
6.769070294180795644e-01 1.000000000000000000e+00 7.000000000000000000e+00 1.998000000000000442e+00
6.740824735686533620e-01 3.000000000000000000e+00 6.000000000000000000e+00 1.786839999999999984e+00
5.478150150732864487e-01 1.000000000000000000e+00 7.000000000000000000e+00 -2.578599999999994452e+00
4.491618061716243782e-01 3.000000000000000000e+00 1.000000000000000000e+01 1.105699999999999683e+00
5.630346179572373044e-01 1.000000000000000000e+00 7.000000000000000000e+00 -2.233499999999994934e+00
6.801189085942148660e-01 1.000000000000000000e+00 4.000000000000000000e+00 1.867419999999999414e+00
1.849555364451367367e-01 3.000000000000000000e+00 7.000000000000000000e+00 4.639000000000003787e+00
1.956898904603122658e-01 2.000000000000000000e+00 7.000000000000000000e+00 4.753600000000004044e+00
5.086078129639212131e-01 2.000000000000000000e+00 7.000000000000000000e+00 3.693520000000002135e+00
6.211655592688801741e-01 2.000000000000000000e+00 7.000000000000000000e+00 1.477600000000000247e+00
7.170811018086075128e-01 0.000000000000000000e+00 2.000000000000000000e+00 1.943699999999999983e+00
6.007598832563392222e-01 1.000000000000000000e+00 2.000000000000000000e+00 -2.083599999999997898e+00
8.049353387121050973e-01 1.000000000000000000e+00 3.000000000000000000e+00 2.964420000000000499e+00
8.251051319657589644e-01 1.000000000000000000e+00 4.000000000000000000e+00 1.652000000000020119e-01
4.127367486568200849e-01 2.000000000000000000e+00 1.000000000000000000e+00 -6.621000000000001329e-01
2.887875722659721256e-01 2.000000000000000000e+00 7.000000000000000000e+00 -1.870699999999997143e+00
6.503817073340467658e-01 3.000000000000000000e+00 5.000000000000000000e+00 2.187700000000000422e+00
2.031295973450729098e-01 4.000000000000000000e+00 1.200000000000000000e+01 2.477900000000003544e+00
5.964784805639194998e-01 4.000000000000000000e+00 5.000000000000000000e+00 -3.913999999999978607e-01
7.206823458945804672e-01 1.000000000000000000e+00 3.000000000000000000e+00 -5.012999999999994127e-01
8.665740619890894836e-01 2.000000000000000000e+00 4.000000000000000000e+00 2.089339999999999087e+00
7.068357147273909291e-01 3.000000000000000000e+00 2.000000000000000000e+00 1.095399999999999929e+00
5.002579320852899025e-01 0.000000000000000000e+00 5.000000000000000000e+00 1.344119999999999093e+00
8.286004463661936770e-01 2.000000000000000000e+00 2.000000000000000000e+00 1.505100000000000104e+00
4.992275212566769094e-01 1.000000000000000000e+00 1.300000000000000000e+01 3.675980000000002690e+00
5.044185106070110391e-01 2.000000000000000000e+00 7.000000000000000000e+00 1.938000000000019707e-01
8.555651223791705950e-01 1.000000000000000000e+00 1.000000000000000000e+00 3.782900000000001484e+00
5.726394889190464799e-01 3.000000000000000000e+00 3.000000000000000000e+00 8.124900000000001565e-01
6.455361442671627703e-01 3.000000000000000000e+00 7.000000000000000000e+00 5.853000000000005976e-01
1.730866526784596016e-01 4.000000000000000000e+00 6.000000000000000000e+00 3.300540000000002472e+00
7.708533579917384859e-01 1.000000000000000000e+00 3.000000000000000000e+00 -1.141299999999997317e+00
9.163049245841988766e-01 1.000000000000000000e+00 4.000000000000000000e+00 2.420300000000000118e+00
5.744724072296171213e-01 3.000000000000000000e+00 2.000000000000000000e+00 -1.101279999999999148e+00
6.927713808384575733e-01 2.000000000000000000e+00 2.000000000000000000e+00 2.274700000000000610e+00
5.567217041053840187e-01 3.000000000000000000e+00 8.000000000000000000e+00 -2.434999999999981624e-01
4.169219651816075678e-01 1.000000000000000000e+00 2.000000000000000000e+00 3.416800000000002058e+00
6.564399739122325217e-01 1.000000000000000000e+00 3.000000000000000000e+00 8.107999999999997431e-01
1.647921655486170867e-01 6.000000000000000000e+00 1.100000000000000000e+01 -4.065000000000001945e-01
6.478228989458907350e-01 1.000000000000000000e+00 5.000000000000000000e+00 -1.085499999999997689e+00
7.124527920741569043e-01 2.000000000000000000e+00 4.000000000000000000e+00 2.716800000000001436e+00
4.578095476518635742e-02 1.600000000000000000e+01 2.300000000000000000e+01 -4.745500000000019369e+00
3.312388051900211350e-01 2.000000000000000000e+00 5.000000000000000000e+00 3.940120000000002065e+00
8.015195132508509124e-01 2.000000000000000000e+00 2.000000000000000000e+00 1.301399999999999890e+00
4.428420316743710283e-01 4.000000000000000000e+00 3.000000000000000000e+00 -3.011499999999999400e+00
4.168787457748463487e-01 1.000000000000000000e+00 0.000000000000000000e+00 -9.162000000000003475e-01
4.718336471857848546e-01 4.000000000000000000e+00 2.000000000000000000e+00 -1.840900000000000203e+00
4.556376366799512745e-01 3.000000000000000000e+00 5.000000000000000000e+00 1.936099999999999266e+00
6.824184549395481136e-01 0.000000000000000000e+00 6.000000000000000000e+00 3.860000000000002984e+00
2.978279881594090295e-01 3.000000000000000000e+00 7.000000000000000000e+00 -2.381399999999995742e+00
6.432418395062839966e-01 2.000000000000000000e+00 6.000000000000000000e+00 2.351600000000000357e+00
3.963139777516571094e-01 4.000000000000000000e+00 7.000000000000000000e+00 2.086119999999999308e+00
2.322798583510735787e-02 1.700000000000000000e+01 4.100000000000000000e+01 4.884999999999852238e-01
6.318586926732331355e-01 2.000000000000000000e+00 2.000000000000000000e+00 -8.561000000000003052e-01
5.484019207554993169e-01 3.000000000000000000e+00 1.000000000000000000e+00 -1.685199999999999587e+00
5.851791059173755416e-01 3.000000000000000000e+00 1.000000000000000000e+00 8.334000000000001407e-01
3.769821306929165283e-01 3.000000000000000000e+00 6.000000000000000000e+00 3.598820000000001684e+00
8.457292457729300716e-01 2.000000000000000000e+00 1.000000000000000000e+00 2.447900000000000187e+00
4.696988148324107715e-01 4.000000000000000000e+00 6.000000000000000000e+00 -8.353999999999974779e-01
5.686375172744317918e-01 2.000000000000000000e+00 4.000000000000000000e+00 -2.044699999999998852e+00
8.471119866894982753e-01 1.000000000000000000e+00 2.000000000000000000e+00 1.247999999999999332e+00
8.195894390273723573e-01 1.000000000000000000e+00 6.000000000000000000e+00 3.977800000000002889e+00
6.358839179938305941e-01 2.000000000000000000e+00 4.000000000000000000e+00 -1.606599999999996697e+00
6.001445694624804039e-01 3.000000000000000000e+00 2.000000000000000000e+00 1.255499999999999838e+00
8.286869281130633258e-01 1.000000000000000000e+00 1.000000000000000000e+00 1.239399999999999835e+00
3.483900737764731859e-01 5.000000000000000000e+00 5.000000000000000000e+00 -2.781499999999993200e+00
7.460501574652693701e-01 1.000000000000000000e+00 1.000000000000000000e+00 3.882600000000003604e+00
6.103090427518448324e-01 4.000000000000000000e+00 4.000000000000000000e+00 2.798000000000001042e-01
5.876456035799053623e-01 1.000000000000000000e+00 5.000000000000000000e+00 -2.071800000000003639e-01
6.173215847589679228e-01 1.000000000000000000e+00 9.000000000000000000e+00 3.551900000000002500e+00
7.246495967206700861e-01 1.000000000000000000e+00 5.000000000000000000e+00 -2.490999999999996550e-01
7.067836690245719033e-01 2.000000000000000000e+00 4.000000000000000000e+00 1.184999999999999831e+00
2.375159293396030824e-01 6.000000000000000000e+00 8.000000000000000000e+00 -1.355399999999995497e+00
6.875458801290977862e-01 2.000000000000000000e+00 2.000000000000000000e+00 -5.046000000000001595e-01
1.838553866713992790e-01 8.000000000000000000e+00 7.000000000000000000e+00 -3.715999999999993531e+00
6.169502888562732323e-01 3.000000000000000000e+00 8.000000000000000000e+00 -2.873999999999978794e-01
8.272878688026890082e-01 1.000000000000000000e+00 4.000000000000000000e+00 3.185200000000001808e+00
7.367315963661815736e-01 1.000000000000000000e+00 8.000000000000000000e+00 1.353999999999999648e+00
6.110140650031218312e-01 2.000000000000000000e+00 6.000000000000000000e+00 2.366900000000000670e+00
2.257866519443801900e-01 4.000000000000000000e+00 6.000000000000000000e+00 4.914000000000078860e-01
6.988081808941470907e-01 3.000000000000000000e+00 2.000000000000000000e+00 3.173000000000006926e-01
8.469552453595109442e-01 1.000000000000000000e+00 3.000000000000000000e+00 3.129999999999992788e-01
8.969716881137215214e-01 1.000000000000000000e+00 5.000000000000000000e+00 2.729600000000000470e+00
8.840882773222079327e-02 3.000000000000000000e+00 1.300000000000000000e+01 5.080500000000004235e+00
5.688724000055422891e-01 0.000000000000000000e+00 4.000000000000000000e+00 6.870000000000000551e-01
4.182127030895539388e-01 1.000000000000000000e+00 8.000000000000000000e+00 5.741900000000005555e+00
6.257982459572136724e-01 3.000000000000000000e+00 6.000000000000000000e+00 -8.603999999999971671e-01
7.692912634314393872e-01 2.000000000000000000e+00 8.000000000000000000e+00 2.812599999999999767e+00
7.870481258790088530e-01 0.000000000000000000e+00 4.000000000000000000e+00 1.832500000000000018e+00
1.493903626739245816e-01 2.000000000000000000e+00 1.000000000000000000e+01 4.600900000000004653e+00
7.672110598231307588e-01 1.000000000000000000e+00 1.000000000000000000e+00 4.595200000000004614e+00
4.874521724874653628e-01 1.000000000000000000e+00 6.000000000000000000e+00 4.242980000000001972e+00
4.986036370867013012e-01 3.000000000000000000e+00 6.000000000000000000e+00 1.226600000000001689e+00
8.343820026665794698e-01 1.000000000000000000e+00 5.000000000000000000e+00 2.567120000000000957e+00
8.248286060077296700e-01 1.000000000000000000e+00 1.000000000000000000e+00 2.777099999999999902e+00
6.665638429511046015e-01 1.000000000000000000e+00 5.000000000000000000e+00 -1.315199999999998814e+00
3.303630481543173292e-01 0.000000000000000000e+00 1.100000000000000000e+01 5.141900000000004134e+00
4.650533503478492259e-01 3.000000000000000000e+00 5.000000000000000000e+00 -1.240499999999997716e+00
7.662225215846434345e-01 0.000000000000000000e+00 3.000000000000000000e+00 9.562999999999997058e-01
4.962237326923267799e-01 3.000000000000000000e+00 2.000000000000000000e+00 -2.740999999999989001e-01
9.026217219225596278e-01 2.000000000000000000e+00 4.000000000000000000e+00 1.980099999999999083e+00
4.606971112171416860e-01 1.000000000000000000e+00 1.100000000000000000e+01 -6.090999999999970882e-01
7.714690947812722355e-01 2.000000000000000000e+00 8.000000000000000000e+00 1.944800000000000972e+00
8.412922689957015310e-01 1.000000000000000000e+00 3.000000000000000000e+00 1.959319999999999951e+00
8.262368955258790892e-01 2.000000000000000000e+00 3.000000000000000000e+00 3.864000000000005208e-01
4.888855384023453876e-01 0.000000000000000000e+00 4.000000000000000000e+00 1.905599999999999739e+00
8.546481174810233172e-01 1.000000000000000000e+00 5.000000000000000000e+00 3.959000000000002295e+00
8.354730963570143887e-01 2.000000000000000000e+00 6.000000000000000000e+00 2.065899999999999181e+00
5.158680082581498239e-01 1.000000000000000000e+00 3.000000000000000000e+00 9.201999999999993518e-02
4.860971257197134188e-01 2.000000000000000000e+00 1.100000000000000000e+01 2.215200000000000280e+00
6.769069977920486592e-01 3.000000000000000000e+00 6.000000000000000000e+00 1.337400000000000588e+00
8.033997017830930565e-01 1.000000000000000000e+00 3.000000000000000000e+00 -5.649999999999988365e-01
4.149432383701714966e-01 1.000000000000000000e+00 6.000000000000000000e+00 4.086800000000003763e+00
3.177250436530938416e-01 5.000000000000000000e+00 3.000000000000000000e+00 3.035000000000001030e-01
7.523458257698715235e-01 1.000000000000000000e+00 4.000000000000000000e+00 -4.738999999999993218e-01
6.402868419191396487e-01 1.000000000000000000e+00 1.000000000000000000e+01 3.035500000000001641e+00
7.557581290131331064e-01 1.000000000000000000e+00 8.000000000000000000e+00 2.797700000000000742e+00
6.144482281821225245e-01 2.000000000000000000e+00 0.000000000000000000e+00 3.665800000000001724e+00
3.915199283924931106e-01 3.000000000000000000e+00 9.000000000000000000e+00 1.163600000000001300e+00
3.991256248803697337e-01 0.000000000000000000e+00 7.000000000000000000e+00 4.035000000000002807e+00
6.853482006911109092e-01 3.000000000000000000e+00 6.000000000000000000e+00 6.330000000000080007e-02
7.571697435556860034e-01 2.000000000000000000e+00 0.000000000000000000e+00 3.609200000000002628e+00
4.549381327773209249e-01 2.000000000000000000e+00 9.000000000000000000e+00 -2.795399999999995444e+00
7.492570731977501453e-01 2.000000000000000000e+00 3.000000000000000000e+00 8.914000000000000812e-01
7.144449009519633353e-01 1.000000000000000000e+00 7.000000000000000000e+00 1.568500000000000227e+00
4.195385733857038835e-01 2.000000000000000000e+00 7.000000000000000000e+00 7.612000000000107569e-02
8.335015886698923238e-01 1.000000000000000000e+00 1.000000000000000000e+00 3.892000000000001236e+00
6.395257442251707225e-01 1.000000000000000000e+00 2.000000000000000000e+00 5.406500000000005635e+00
1.999514521531542965e-01 1.000000000000000000e+00 1.200000000000000000e+01 4.573200000000004373e+00
6.120449309807283189e-01 2.000000000000000000e+00 1.000000000000000000e+00 -1.091299999999999493e+00
1.925602475117055012e-01 2.000000000000000000e+00 1.100000000000000000e+01 3.512100000000009103e+00
6.946116752943167771e-01 3.000000000000000000e+00 2.000000000000000000e+00 1.557599999999999874e+00
7.920749783499233532e-01 1.000000000000000000e+00 2.000000000000000000e+00 3.178340000000001275e+00
4.729238520490912090e-01 2.000000000000000000e+00 5.000000000000000000e+00 3.779800000000001603e+00
7.722744312422716861e-01 2.000000000000000000e+00 3.000000000000000000e+00 3.098600000000001131e+00
9.120059037428009940e-01 1.000000000000000000e+00 3.000000000000000000e+00 2.545300000000001006e+00
2.153218328581286978e-01 7.000000000000000000e+00 2.000000000000000000e+00 -3.858399999999994279e+00
4.660136688395425386e-01 0.000000000000000000e+00 1.000000000000000000e+01 2.074999999999999734e+00
2.135640040764190395e-01 0.000000000000000000e+00 1.100000000000000000e+01 9.298000000000010701e-01
7.143713994811683454e-01 1.000000000000000000e+00 5.000000000000000000e+00 2.833200000000000607e+00
8.336632814038111849e-01 1.000000000000000000e+00 6.000000000000000000e+00 1.937100000000000266e+00
6.209614004671810683e-01 2.000000000000000000e+00 7.000000000000000000e+00 2.358799999999999564e+00
8.081650357759502246e-01 1.000000000000000000e+00 5.000000000000000000e+00 2.103399999999999270e+00
5.343991078292580355e-01 3.000000000000000000e+00 4.000000000000000000e+00 -1.900999999999996470e+00
5.588129323272119642e-01 3.000000000000000000e+00 3.000000000000000000e+00 -8.465999999999995751e-01
3.515299695447533512e-01 2.000000000000000000e+00 6.000000000000000000e+00 5.096000000000000529e-01
8.349368967381846085e-01 2.000000000000000000e+00 3.000000000000000000e+00 9.175999999999997492e-01
5.329001090884235570e-01 3.000000000000000000e+00 5.000000000000000000e+00 -1.344799999999997775e+00
6.859215307947420515e-01 2.000000000000000000e+00 4.000000000000000000e+00 3.490100000000000868e+00
6.896881941061916432e-01 2.000000000000000000e+00 8.000000000000000000e+00 -2.467999999999979099e-01
7.168953656356094051e-01 2.000000000000000000e+00 0.000000000000000000e+00 2.131999999999998341e-01
5.138586535908334918e-01 2.000000000000000000e+00 1.000000000000000000e+01 1.066999999999999948e+00
7.349639682389362827e-01 0.000000000000000000e+00 3.000000000000000000e+00 2.728400000000001491e+00
4.550709345482054635e-01 1.000000000000000000e+00 5.000000000000000000e+00 -2.121399999999997732e+00
3.505821246775381317e-01 3.000000000000000000e+00 1.000000000000000000e+01 2.005899999999999572e+00
2.431851299308276093e-01 2.000000000000000000e+00 1.000000000000000000e+01 1.921999999999999709e+00
6.822997553866551046e-01 0.000000000000000000e+00 2.000000000000000000e+00 -1.193399999999999350e+00
8.170152414699434484e-02 6.000000000000000000e+00 1.300000000000000000e+01 4.194400000000007012e+00
1.707279713931615650e-01 3.000000000000000000e+00 1.000000000000000000e+01 4.567800000000004523e+00
2.628234200956571232e-01 4.000000000000000000e+00 1.100000000000000000e+01 2.866900000000001558e+00
5.418914776182274240e-01 1.000000000000000000e+00 1.100000000000000000e+01 1.468499999999999472e+00
8.952115783037842833e-01 1.000000000000000000e+00 5.000000000000000000e+00 2.784000000000000696e+00
3.796616330334838807e-01 0.000000000000000000e+00 7.000000000000000000e+00 2.322999999999999510e+00
4.911935570371392945e-01 2.000000000000000000e+00 5.000000000000000000e+00 3.640700000000001602e+00
7.532399347766081110e-01 1.000000000000000000e+00 4.000000000000000000e+00 -1.945000000000001172e-01
4.172005593440116233e-01 4.000000000000000000e+00 5.000000000000000000e+00 2.248920000000000918e+00
3.326203956682485252e-01 5.000000000000000000e+00 3.000000000000000000e+00 -3.262099999999998889e+00
4.882471812012685874e-01 1.000000000000000000e+00 5.000000000000000000e+00 2.565700000000000536e+00
4.592067823751491695e-01 1.000000000000000000e+00 4.000000000000000000e+00 6.994199999999999307e-01
6.444661307613656076e-01 3.000000000000000000e+00 6.000000000000000000e+00 1.037000000000005140e-01
4.980041836349445861e-01 1.000000000000000000e+00 6.000000000000000000e+00 -7.423999999999975064e-01
7.730989958043513743e-01 2.000000000000000000e+00 5.000000000000000000e+00 1.295419999999999794e+00
1.736870187455459846e-01 8.000000000000000000e+00 7.000000000000000000e+00 -5.379900000000004567e+00
5.624722357827982577e-01 1.000000000000000000e+00 0.000000000000000000e+00 -1.039700000000000513e+00
6.021334012552945758e-01 4.000000000000000000e+00 4.000000000000000000e+00 1.129199999999999759e+00
4.178840975839869243e-01 1.000000000000000000e+00 1.000000000000000000e+01 3.405100000000001792e+00
1.573667637437263234e-01 2.000000000000000000e+00 8.000000000000000000e+00 -8.775999999999970491e-01
7.395746492887167456e-01 2.000000000000000000e+00 1.000000000000000000e+00 1.665599999999999969e+00
2.099625408254056358e-01 4.000000000000000000e+00 0.000000000000000000e+00 -2.853829999999998535e+00
2.145563580923106062e-01 5.000000000000000000e+00 1.000000000000000000e+01 -3.400499999999996525e+00
1.410032063632137844e-01 7.000000000000000000e+00 5.000000000000000000e+00 -3.737899999999991785e+00
8.467876440078592193e-02 6.000000000000000000e+00 1.400000000000000000e+01 3.616600000000001813e+00
1.198852345989485750e-02 2.100000000000000000e+01 3.600000000000000000e+01 -1.655879999999989138e+01
7.932477446492289808e-01 0.000000000000000000e+00 2.000000000000000000e+00 1.773699999999999832e+00
8.360137952218753554e-01 1.000000000000000000e+00 6.000000000000000000e+00 2.829300000000000814e+00
5.888472094059817863e-01 3.000000000000000000e+00 8.000000000000000000e+00 -5.740999999999980563e-01
5.119237825795988073e-01 3.000000000000000000e+00 7.000000000000000000e+00 2.139700000000001268e+00
3.799534662760675752e-01 2.000000000000000000e+00 1.000000000000000000e+01 1.322499999999999787e+00
7.105805008534092915e-01 2.000000000000000000e+00 8.000000000000000000e+00 1.850699999999999124e+00
2.575718795180290122e-01 4.000000000000000000e+00 1.000000000000000000e+01 -7.564999999999972857e-01
5.014373335241093521e-01 2.000000000000000000e+00 3.000000000000000000e+00 1.181899999999999951e+00
8.869527929991254389e-01 1.000000000000000000e+00 5.000000000000000000e+00 2.401500000000000412e+00
7.151636735003844003e-02 2.000000000000000000e+00 9.000000000000000000e+00 -4.066899999999995963e+00
5.830734536469286411e-01 1.000000000000000000e+00 4.000000000000000000e+00 2.602400000000000269e+00
1.094267018647898833e-02 1.700000000000000000e+01 3.300000000000000000e+01 -3.232900000000019425e+00
8.312992911986754052e-01 1.000000000000000000e+00 5.000000000000000000e+00 3.465800000000002434e+00
6.901378904194293007e-01 3.000000000000000000e+00 8.000000000000000000e+00 3.108200000000001850e+00
6.334640734356927760e-01 1.000000000000000000e+00 4.000000000000000000e+00 1.717799999999999327e+00
8.446009999963821624e-01 1.000000000000000000e+00 6.000000000000000000e+00 2.698420000000000485e+00
8.206957683855975461e-01 1.000000000000000000e+00 2.000000000000000000e+00 -3.114999999999998881e-01
5.157640804414242997e-01 1.000000000000000000e+00 6.000000000000000000e+00 -3.177999999999983061e-01
2.172173749347993121e-01 1.000000000000000000e+00 1.200000000000000000e+01 3.432300000000002793e+00
7.110319174207936355e-01 0.000000000000000000e+00 2.000000000000000000e+00 3.952820000000002665e+00
8.214810809622070664e-01 0.000000000000000000e+00 5.000000000000000000e+00 2.718080000000000496e+00
5.273624425093521584e-01 3.000000000000000000e+00 2.000000000000000000e+00 -2.138799999999999812e+00
1.312883394592958067e-02 1.600000000000000000e+01 3.200000000000000000e+01 -3.048100000000027343e+00
7.848332802556960974e-01 2.000000000000000000e+00 2.000000000000000000e+00 1.765800000000000036e+00
3.211696399010262049e-01 3.000000000000000000e+00 1.000000000000000000e+01 4.190000000000115854e-02
6.318517900046072278e-01 0.000000000000000000e+00 4.000000000000000000e+00 3.887600000000002609e+00
7.643130824889060593e-01 1.000000000000000000e+00 3.000000000000000000e+00 -7.001199999999980772e-01
7.138112141676479228e-01 2.000000000000000000e+00 3.000000000000000000e+00 -3.778000000000001357e-01
5.473422654963029377e-01 2.000000000000000000e+00 1.000000000000000000e+00 3.677000000000002489e-01
7.801598920383877589e-01 0.000000000000000000e+00 3.000000000000000000e+00 4.148300000000003429e+00
3.467281051665029867e-01 2.000000000000000000e+00 5.000000000000000000e+00 -1.500399999999997513e+00
1.762515113793169108e-01 5.000000000000000000e+00 8.000000000000000000e+00 1.508999999999999453e+00
2.673454383356450581e-01 1.000000000000000000e+00 4.000000000000000000e+00 -2.688999999999997392e+00
3.933731224003214066e-01 2.000000000000000000e+00 1.000000000000000000e+00 1.661800000000000166e+00
5.814924750805485765e-01 2.000000000000000000e+00 4.000000000000000000e+00 -4.989999999999972236e-01
1.310247762677446137e-01 3.000000000000000000e+00 8.000000000000000000e+00 3.517500000000002736e+00
7.947549334783312602e-01 2.000000000000000000e+00 4.000000000000000000e+00 5.138000000000009226e-01
4.333966147868050234e-01 4.000000000000000000e+00 2.000000000000000000e+00 -2.559599999999999209e+00
4.825645029084629778e-01 2.000000000000000000e+00 0.000000000000000000e+00 -7.977000000000000757e-01
6.747397453305310489e-01 2.000000000000000000e+00 7.000000000000000000e+00 2.862220000000001541e+00
1.228308942164865747e-01 7.000000000000000000e+00 1.300000000000000000e+01 -9.733999999999993769e-01
8.654813653793025363e-01 2.000000000000000000e+00 2.000000000000000000e+00 9.013000000000006562e-01
4.229345870511106581e-02 1.300000000000000000e+01 1.700000000000000000e+01 -1.522199999999998665e+00
5.601191738811691634e-01 1.000000000000000000e+00 1.000000000000000000e+00 -2.078099999999999170e+00
3.755163356435818334e-01 1.000000000000000000e+00 5.000000000000000000e+00 1.149379999999999624e+00
6.547033650725970766e-01 2.000000000000000000e+00 9.000000000000000000e+00 9.628999999999997561e-01
5.458999990576172134e-01 1.000000000000000000e+00 2.000000000000000000e+00 -1.215399999999999592e+00
6.127777383652162069e-01 0.000000000000000000e+00 1.000000000000000000e+00 -2.863000000000004430e-01
7.114306887637897869e-01 3.000000000000000000e+00 6.000000000000000000e+00 8.794000000000008477e-01
6.528541823894267182e-01 0.000000000000000000e+00 5.000000000000000000e+00 3.305280000000001550e+00
1.798010535337359883e-01 3.000000000000000000e+00 7.000000000000000000e+00 3.990900000000003445e+00
