5.095927314649247863e-01 5.000000000000000000e+00 1.000000000000000000e+00 1.546099999999999808e+00
3.308729651238443981e-01 1.000000000000000000e+00 6.000000000000000000e+00 3.230700000000001459e+00
7.981444096668123267e-01 1.000000000000000000e+00 1.000000000000000000e+00 1.501099999999999879e+00
4.223064009656689044e-01 2.000000000000000000e+00 0.000000000000000000e+00 -1.017229999999999857e+00
7.210430866196730904e-01 1.000000000000000000e+00 0.000000000000000000e+00 4.221000000000003638e+00
2.652780779957385482e-01 6.000000000000000000e+00 5.000000000000000000e+00 -2.800999999999988499e-01
2.577135245305677280e-01 6.000000000000000000e+00 5.000000000000000000e+00 -1.877999999999978575e-01
3.203901563261363772e-01 4.000000000000000000e+00 4.000000000000000000e+00 5.409399999999991993e-01
4.531240270506624590e-01 0.000000000000000000e+00 3.000000000000000000e+00 3.446200000000001928e+00
5.405683798098733644e-02 1.200000000000000000e+01 1.300000000000000000e+01 -3.191699999999994208e+00
6.582997034761810529e-01 2.000000000000000000e+00 7.000000000000000000e+00 2.289000000000009916e-01
3.410979106117350002e-01 1.000000000000000000e+00 1.000000000000000000e+01 1.487600000000000700e+00
4.011398068980138731e-01 1.000000000000000000e+00 1.100000000000000000e+01 2.266200000000000436e+00
2.599082306137744935e-01 1.000000000000000000e+00 1.300000000000000000e+01 3.046400000000001107e+00
2.046591439510018207e-01 0.000000000000000000e+00 1.200000000000000000e+01 2.391420000000000101e+00
2.875817618857632874e-01 0.000000000000000000e+00 1.000000000000000000e+01 2.924020000000000508e+00
2.473667259914315297e-01 0.000000000000000000e+00 1.000000000000000000e+01 1.465500000000001135e+00
2.088859785142740122e-01 0.000000000000000000e+00 1.000000000000000000e+01 4.080700000000002881e+00
2.233205981016963548e-01 0.000000000000000000e+00 1.000000000000000000e+01 1.624600000000000488e+00
1.482564971242005536e-01 0.000000000000000000e+00 1.600000000000000000e+01 1.887200000000002653e+00
2.328592390777488863e-01 0.000000000000000000e+00 1.000000000000000000e+01 2.491700000000000692e+00
2.182779546927680336e-01 0.000000000000000000e+00 1.000000000000000000e+01 3.517900000000002692e+00
2.191521856858876238e-01 0.000000000000000000e+00 1.000000000000000000e+01 3.416000000000001258e+00
5.951165699678294674e-01 3.000000000000000000e+00 8.000000000000000000e+00 1.732000000000000428e+00
6.786070990602082187e-01 2.000000000000000000e+00 1.000000000000000000e+00 1.743799999999999795e+00
5.101568892419974244e-01 4.000000000000000000e+00 3.000000000000000000e+00 3.506000000000001338e-01
5.992714485146342085e-01 4.000000000000000000e+00 1.000000000000000000e+00 2.215500000000000913e+00
2.378725059837351052e-01 5.000000000000000000e+00 7.000000000000000000e+00 1.785600000000004073e+00
2.866124384738552577e-01 4.000000000000000000e+00 7.000000000000000000e+00 -7.679999999999997939e-01
3.413059210334570825e-01 3.000000000000000000e+00 1.000000000000000000e+01 5.510500000000005727e+00
2.983823504206339350e-01 3.000000000000000000e+00 1.000000000000000000e+01 5.932300000000008566e+00
6.678533572975411392e-01 1.000000000000000000e+00 0.000000000000000000e+00 9.373000000000000220e-01
4.654122873311854480e-01 3.000000000000000000e+00 6.000000000000000000e+00 -7.322999999999983967e-01
3.814944322102413188e-01 3.000000000000000000e+00 2.000000000000000000e+00 -1.668100000000000138e+00
6.731427334307733545e-01 3.000000000000000000e+00 4.000000000000000000e+00 9.720000000000011964e-02
4.603413037777288053e-01 2.000000000000000000e+00 2.000000000000000000e+00 1.600700000000000456e+00
7.885404127535281527e-01 3.000000000000000000e+00 2.000000000000000000e+00 2.518500000000000849e+00
2.763367564939009924e-01 5.000000000000000000e+00 0.000000000000000000e+00 -2.629599999999991944e+00
3.227633696439719535e-01 4.000000000000000000e+00 0.000000000000000000e+00 -2.287399999999991884e+00
7.696621138235621995e-01 2.000000000000000000e+00 6.000000000000000000e+00 3.907300000000001994e+00
5.950261967780848815e-01 2.000000000000000000e+00 1.000000000000000000e+00 1.350599999999999801e+00
3.765383446925826272e-01 3.000000000000000000e+00 0.000000000000000000e+00 -1.945199999999990936e+00
4.261977947510467990e-01 2.000000000000000000e+00 0.000000000000000000e+00 -1.602999999999990433e+00
4.454940049573909988e-01 1.000000000000000000e+00 0.000000000000000000e+00 -1.260799999999991483e+00
4.805541661087390226e-01 2.000000000000000000e+00 1.000000000000000000e+00 9.153999999999997694e-01
6.960164410604958718e-01 3.000000000000000000e+00 2.000000000000000000e+00 1.781599999999999628e+00
4.593957588867453312e-01 3.000000000000000000e+00 8.000000000000000000e+00 2.939000000000007162e-01
7.485297142822383565e-01 2.000000000000000000e+00 5.000000000000000000e+00 2.862700000000000244e+00
8.384623265941306691e-01 0.000000000000000000e+00 4.000000000000000000e+00 3.875000000000002665e+00
7.678065120522066245e-01 1.000000000000000000e+00 4.000000000000000000e+00 3.927320000000002587e+00
2.288751447852226950e-01 8.000000000000000000e+00 4.000000000000000000e+00 -5.388999999999994905e-01
4.554144970214469290e-01 0.000000000000000000e+00 7.000000000000000000e+00 4.205800000000002647e+00
8.138095128696987146e-01 2.000000000000000000e+00 1.000000000000000000e+00 2.009799999999999809e+00
7.472859639825711886e-01 1.000000000000000000e+00 5.000000000000000000e+00 3.515220000000001122e+00
1.636106813757957357e-01 8.000000000000000000e+00 7.000000000000000000e+00 -1.485199999999999854e+00
3.844882105003127881e-01 4.000000000000000000e+00 1.200000000000000000e+01 1.235200000000000742e+00
6.354770731665281280e-01 3.000000000000000000e+00 4.000000000000000000e+00 -1.138999999999995572e-01
3.668729166012324461e-01 1.000000000000000000e+00 4.000000000000000000e+00 -3.028499999999998415e+00
3.474194357293944879e-01 2.000000000000000000e+00 5.000000000000000000e+00 2.678200000000000358e+00
6.342214915468634695e-01 2.000000000000000000e+00 5.000000000000000000e+00 2.260900000000000354e+00
6.779775024560888985e-01 2.000000000000000000e+00 4.000000000000000000e+00 4.030700000000002170e+00
4.684299477149208579e-01 2.000000000000000000e+00 5.000000000000000000e+00 2.539100000000000357e+00
8.613672076779288478e-01 2.000000000000000000e+00 2.000000000000000000e+00 1.950919999999999987e+00
3.647362951907638928e-01 1.000000000000000000e+00 4.000000000000000000e+00 -1.933299999999995800e+00
8.553020577996142126e-01 2.000000000000000000e+00 2.000000000000000000e+00 2.714120000000001198e+00
5.530315284690744404e-01 4.000000000000000000e+00 4.000000000000000000e+00 2.370000000000044293e-02
6.414681234920219799e-01 4.000000000000000000e+00 5.000000000000000000e+00 6.347999999999998089e-01
8.810778082204155925e-01 1.000000000000000000e+00 3.000000000000000000e+00 3.036500000000001087e+00
6.383938847282046858e-01 0.000000000000000000e+00 3.000000000000000000e+00 -1.294199999999998685e+00
7.421139126791214125e-01 3.000000000000000000e+00 1.000000000000000000e+00 2.509900000000001352e+00
6.439392868510167567e-01 3.000000000000000000e+00 6.000000000000000000e+00 3.090000000000000746e+00
7.831700063070820006e-01 2.000000000000000000e+00 0.000000000000000000e+00 3.380500000000002281e+00
8.422559787745919069e-01 1.000000000000000000e+00 5.000000000000000000e+00 4.688300000000005241e+00
5.171559300310741847e-01 0.000000000000000000e+00 1.100000000000000000e+01 4.468100000000004179e+00
6.748782894787389575e-01 3.000000000000000000e+00 4.000000000000000000e+00 3.181000000000002159e-01
5.537299567940273670e-01 1.000000000000000000e+00 1.100000000000000000e+01 3.959000000000003183e+00
6.526614708558955424e-01 2.000000000000000000e+00 9.000000000000000000e+00 3.647400000000002862e+00
7.092649200190689340e-01 2.000000000000000000e+00 4.000000000000000000e+00 2.548720000000000319e+00
4.983171520709658853e-01 1.000000000000000000e+00 1.100000000000000000e+01 2.950000000000001066e+00
3.432910419479868747e-01 4.000000000000000000e+00 3.000000000000000000e+00 2.314070000000000071e+00
2.799745619861421231e-01 3.000000000000000000e+00 2.000000000000000000e+00 1.719399999999999817e+00
3.416068102924137428e-01 4.000000000000000000e+00 3.000000000000000000e+00 2.017490000000000006e+00
3.292504333563782137e-01 4.000000000000000000e+00 4.000000000000000000e+00 3.101470000000000837e+00
3.970837862633549431e-01 4.000000000000000000e+00 1.000000000000000000e+01 2.440400000000000347e+00
7.265621787893097316e-01 1.000000000000000000e+00 4.000000000000000000e+00 1.784599999999999742e+00
6.946116752943167771e-01 3.000000000000000000e+00 2.000000000000000000e+00 1.557599999999999874e+00
2.991908390371258442e-01 1.000000000000000000e+00 9.000000000000000000e+00 2.163599999999999746e+00
7.535079210555897244e-01 1.000000000000000000e+00 8.000000000000000000e+00 3.538400000000001988e+00
3.546626418179847917e-01 6.000000000000000000e+00 3.000000000000000000e+00 3.860999999999997767e-01
8.776016184783941299e-01 1.000000000000000000e+00 4.000000000000000000e+00 3.173200000000001353e+00
1.464320471816625002e-01 1.100000000000000000e+01 8.000000000000000000e+00 -7.571399999999989028e+00
5.830734536469286411e-01 1.000000000000000000e+00 4.000000000000000000e+00 2.602400000000000269e+00
1.555112399819528202e-01 3.000000000000000000e+00 6.000000000000000000e+00 6.180600000000006311e+00
3.414975064054184273e-01 4.000000000000000000e+00 7.000000000000000000e+00 -1.759899999999997355e+00
6.618093940597772340e-01 1.000000000000000000e+00 4.000000000000000000e+00 9.180999999999994721e-01
6.468452624532927686e-01 3.000000000000000000e+00 2.000000000000000000e+00 1.374700000000000033e+00
5.534046105187581110e-01 1.000000000000000000e+00 7.000000000000000000e+00 1.610899999999999999e+00
8.605899449393155098e-01 1.000000000000000000e+00 4.000000000000000000e+00 1.930899999999999617e+00
7.871395577774678021e-01 2.000000000000000000e+00 3.000000000000000000e+00 8.596000000000001418e-01
5.405882217196541495e-01 3.000000000000000000e+00 6.000000000000000000e+00 3.701600000000001334e+00
6.821345133458892596e-01 1.000000000000000000e+00 2.000000000000000000e+00 2.793300000000001226e+00
8.306226664509899216e-01 1.000000000000000000e+00 4.000000000000000000e+00 1.056799999999999518e+00
5.624722357827982577e-01 1.000000000000000000e+00 0.000000000000000000e+00 -1.039700000000000513e+00
1.895123602249366712e-01 4.000000000000000000e+00 6.000000000000000000e+00 -7.271999999999911868e-02
7.005840997557368777e-01 3.000000000000000000e+00 3.000000000000000000e+00 1.122300000000000297e+00
6.790937846405626921e-01 3.000000000000000000e+00 3.000000000000000000e+00 5.230000000000001315e-01
4.141086905846976252e-01 2.000000000000000000e+00 1.000000000000000000e+00 7.089500000000008129e+00
4.719754673679687484e-01 3.000000000000000000e+00 7.000000000000000000e+00 -9.619999999999873097e-02
4.199048761764639370e-01 0.000000000000000000e+00 1.300000000000000000e+01 5.093080000000004937e+00
6.106035394285075357e-01 1.000000000000000000e+00 1.000000000000000000e+00 1.384800000000000031e+00
1.798010535337359883e-01 3.000000000000000000e+00 7.000000000000000000e+00 3.990900000000003445e+00
4.476618428534569483e-01 1.000000000000000000e+00 9.000000000000000000e+00 1.613300000000000622e+00
4.404515981095675214e-01 1.000000000000000000e+00 9.000000000000000000e+00 2.001800000000000246e+00
4.250539551576544284e-01 1.000000000000000000e+00 9.000000000000000000e+00 2.639500000000000846e+00
2.948691437866184373e-01 1.000000000000000000e+00 1.000000000000000000e+01 2.140200000000000102e+00
2.338172343760422101e-01 1.000000000000000000e+00 1.400000000000000000e+01 1.256400000000002626e+00
7.977632704521286922e-01 2.000000000000000000e+00 4.000000000000000000e+00 8.607999999999997875e-01
4.454004294146897136e-01 2.000000000000000000e+00 3.000000000000000000e+00 -1.962800000000001210e-01
1.663060373208407605e-01 6.000000000000000000e+00 6.000000000000000000e+00 1.931200000000003136e+00
1.954343038059449811e-01 6.000000000000000000e+00 6.000000000000000000e+00 2.658900000000004482e+00
5.327639891125653948e-01 1.000000000000000000e+00 1.000000000000000000e+00 2.079600000000000115e+00
8.710491470817984805e-01 2.000000000000000000e+00 4.000000000000000000e+00 4.048300000000002008e+00
4.051904538567723812e-01 2.000000000000000000e+00 7.000000000000000000e+00 -6.360799999999995347e-01
9.529800454941457499e-02 4.000000000000000000e+00 8.000000000000000000e+00 -1.611299999999997290e+00
6.816125812503078807e-01 3.000000000000000000e+00 4.000000000000000000e+00 4.449000000000011834e-01
6.361468607141159692e-01 3.000000000000000000e+00 5.000000000000000000e+00 6.223000000000014076e-01
1.521784508336814501e-01 3.000000000000000000e+00 9.000000000000000000e+00 9.550999999999998380e-01
2.346588097545296847e-01 3.000000000000000000e+00 5.000000000000000000e+00 5.973999999999997090e-01
8.001222420891722642e-01 1.000000000000000000e+00 0.000000000000000000e+00 3.722700000000002341e+00
3.397254783614908069e-01 3.000000000000000000e+00 8.000000000000000000e+00 3.414470000000001448e+00
8.151013622088568722e-01 1.000000000000000000e+00 3.000000000000000000e+00 1.526100000000000012e+00
8.315004709537964223e-01 1.000000000000000000e+00 3.000000000000000000e+00 1.166299999999999892e+00
7.353231164212183923e-01 0.000000000000000000e+00 2.000000000000000000e+00 1.939079999999999915e+00
7.901111999588265045e-01 1.000000000000000000e+00 2.000000000000000000e+00 1.248099999999999765e+00
7.197867263698907170e-01 1.000000000000000000e+00 1.000000000000000000e+00 9.874000000000002775e-01
3.043612043102547071e-01 5.000000000000000000e+00 1.000000000000000000e+00 -1.082329999999999792e+00
5.598953269353544593e-02 8.000000000000000000e+00 1.700000000000000000e+01 -2.592999999999945349e-01
3.755434846782416125e-01 1.000000000000000000e+00 7.000000000000000000e+00 2.958500000000000796e+00
4.247278082996038262e-01 1.000000000000000000e+00 7.000000000000000000e+00 1.928579999999999739e+00
5.120973607190365540e-01 2.000000000000000000e+00 7.000000000000000000e+00 5.428220000000005818e+00
5.186098009585516921e-01 2.000000000000000000e+00 7.000000000000000000e+00 5.663300000000005774e+00
5.754585249561189331e-01 4.000000000000000000e+00 3.000000000000000000e+00 -7.241000000000004100e-01
7.135696186852985567e-01 2.000000000000000000e+00 9.000000000000000000e+00 1.613199999999999967e+00
3.023119322414907773e-01 3.000000000000000000e+00 1.500000000000000000e+01 3.762400000000002187e+00
1.971033039815844878e-01 4.000000000000000000e+00 1.500000000000000000e+01 3.803900000000002279e+00
4.395066310842926649e-01 2.000000000000000000e+00 7.000000000000000000e+00 4.106100000000002304e+00
4.731151953308049274e-01 2.000000000000000000e+00 6.000000000000000000e+00 3.864000000000001656e+00
3.965435556177386300e-01 2.000000000000000000e+00 6.000000000000000000e+00 5.546220000000003481e+00
4.341636614327964439e-01 2.000000000000000000e+00 6.000000000000000000e+00 4.369400000000002393e+00
4.921112856153211923e-01 2.000000000000000000e+00 6.000000000000000000e+00 3.724900000000002542e+00
3.693817183620117239e-01 2.000000000000000000e+00 7.000000000000000000e+00 5.364500000000003155e+00
3.931951566408499188e-01 2.000000000000000000e+00 7.000000000000000000e+00 4.759500000000003617e+00
4.779974358368155873e-01 2.000000000000000000e+00 6.000000000000000000e+00 3.716000000000001080e+00
4.600794105518898891e-01 2.000000000000000000e+00 6.000000000000000000e+00 4.892820000000003944e+00
4.702725702410411324e-01 2.000000000000000000e+00 6.000000000000000000e+00 4.321000000000002395e+00
3.994659537477792677e-01 3.000000000000000000e+00 5.000000000000000000e+00 2.584200000000000941e+00
4.095648586334920127e-01 3.000000000000000000e+00 5.000000000000000000e+00 2.862899999999999778e+00
3.316394424245311390e-01 2.000000000000000000e+00 1.100000000000000000e+01 3.004420000000000535e+00
1.603234693720880233e-01 5.000000000000000000e+00 1.000000000000000000e+01 1.678069999999999062e+00
1.679049572442785077e-01 5.000000000000000000e+00 1.000000000000000000e+01 1.974649999999998906e+00
1.231874905863597214e-01 5.000000000000000000e+00 1.000000000000000000e+01 2.113749999999999130e+00
4.801512396045999886e-01 3.000000000000000000e+00 8.000000000000000000e+00 3.440800000000001191e+00
1.873378332761987675e-01 4.000000000000000000e+00 1.000000000000000000e+01 1.711850000000000094e+00
1.188430715524310399e-01 5.000000000000000000e+00 1.000000000000000000e+01 2.252849999999999575e+00
6.663505247914209839e-01 1.000000000000000000e+00 1.000000000000000000e+00 1.608999999999999764e+00
5.684270068624611705e-01 1.000000000000000000e+00 0.000000000000000000e+00 3.024520000000000763e+00
5.242979230443108873e-01 0.000000000000000000e+00 0.000000000000000000e+00 -1.882000000000001450e-01
7.993176293791046660e-01 1.000000000000000000e+00 1.000000000000000000e+00 2.101199999999999957e+00
6.691242143683537869e-01 3.000000000000000000e+00 2.000000000000000000e+00 1.032600000000000184e+00
7.933509096600863675e-01 1.000000000000000000e+00 2.000000000000000000e+00 1.399999999999999689e+00
8.243648967997319055e-01 1.000000000000000000e+00 2.000000000000000000e+00 1.788499999999999757e+00
9.221619568280238211e-01 1.000000000000000000e+00 4.000000000000000000e+00 3.501400000000002066e+00
9.202790075578990425e-01 1.000000000000000000e+00 5.000000000000000000e+00 2.800200000000001133e+00
9.114136506686969508e-01 1.000000000000000000e+00 5.000000000000000000e+00 3.188700000000001644e+00
9.261145183663507252e-01 1.000000000000000000e+00 4.000000000000000000e+00 3.029900000000001370e+00
7.856923773821716805e-01 2.000000000000000000e+00 2.000000000000000000e+00 1.989800000000000013e+00
6.816110954453928894e-01 2.000000000000000000e+00 3.000000000000000000e+00 6.279000000000001247e-01
8.136783893547586688e-01 0.000000000000000000e+00 3.000000000000000000e+00 4.168600000000003192e+00
7.729574057454922098e-01 2.000000000000000000e+00 1.000000000000000000e+00 2.647100000000000897e+00
3.811174539130717798e-01 4.000000000000000000e+00 5.000000000000000000e+00 -2.820899999999999075e+00
7.761322150181272361e-01 0.000000000000000000e+00 1.000000000000000000e+00 3.383400000000002628e+00
6.792393433899565069e-01 3.000000000000000000e+00 4.000000000000000000e+00 7.081999999999999407e-01
3.718098097586123862e-01 4.000000000000000000e+00 6.000000000000000000e+00 -4.819999999999979856e-02
3.671495732772395715e-01 4.000000000000000000e+00 4.000000000000000000e+00 -2.106309999999998350e+00
4.985490439835023047e-01 3.000000000000000000e+00 4.000000000000000000e+00 3.486000000000011312e-01
8.001616803131677003e-01 2.000000000000000000e+00 3.000000000000000000e+00 1.798119999999999941e+00
8.517964099245681764e-01 1.000000000000000000e+00 6.000000000000000000e+00 4.435000000000003162e+00
5.549074980093673393e-01 4.000000000000000000e+00 3.000000000000000000e+00 -1.136400000000000077e+00
6.996440987416697732e-01 2.000000000000000000e+00 1.000000000000000000e+00 1.019099999999999895e+00
7.078187228911747564e-01 2.000000000000000000e+00 3.000000000000000000e+00 1.327899999999999858e+00
1.627604393492829427e-01 4.000000000000000000e+00 1.200000000000000000e+01 6.313600000000008095e+00
3.945443735091209159e-01 1.000000000000000000e+00 8.000000000000000000e+00 3.783500000000002750e+00
2.843620625522782497e-01 1.000000000000000000e+00 9.000000000000000000e+00 4.007500000000002949e+00
8.014151467111451099e-01 1.000000000000000000e+00 6.000000000000000000e+00 4.015320000000002665e+00
7.846896255721665936e-01 0.000000000000000000e+00 2.000000000000000000e+00 1.550419999999999909e+00
6.542162175383443579e-01 1.000000000000000000e+00 2.000000000000000000e+00 1.576300000000000034e+00
3.864771407563314942e-01 1.000000000000000000e+00 8.000000000000000000e+00 5.351300000000004609e+00
6.164391834948148574e-01 2.000000000000000000e+00 1.100000000000000000e+01 2.393399999999999750e+00
5.604120760868545048e-01 2.000000000000000000e+00 5.000000000000000000e+00 2.879580000000000695e+00
5.778484804828311061e-01 2.000000000000000000e+00 1.200000000000000000e+01 2.365899999999999892e+00
8.791762540409916449e-01 1.000000000000000000e+00 1.000000000000000000e+00 2.633600000000000385e+00
8.204937720146613378e-01 1.000000000000000000e+00 3.000000000000000000e+00 3.299300000000002342e+00
8.140970679577942404e-01 0.000000000000000000e+00 2.000000000000000000e+00 3.178100000000001479e+00
2.950080485966616317e-01 3.000000000000000000e+00 7.000000000000000000e+00 -5.359999999999986997e-01
7.541053298167571528e-01 1.000000000000000000e+00 3.000000000000000000e+00 3.513920000000000599e+00
7.038936958101741359e-01 1.000000000000000000e+00 8.000000000000000000e+00 3.148200000000001886e+00
7.564117572128701283e-01 1.000000000000000000e+00 8.000000000000000000e+00 4.810600000000004428e+00
8.240069237957237114e-01 0.000000000000000000e+00 5.000000000000000000e+00 3.818600000000002659e+00
6.542213588943052160e-01 0.000000000000000000e+00 3.000000000000000000e+00 5.188000000000004164e+00
3.250545971751589436e-01 6.000000000000000000e+00 2.000000000000000000e+00 2.824000000000004840e-01
6.535135154314027917e-01 1.000000000000000000e+00 0.000000000000000000e+00 1.774499999999999966e+00
2.658294280815994837e-01 4.000000000000000000e+00 8.000000000000000000e+00 2.439700000000004199e+00
8.697054686334906304e-01 1.000000000000000000e+00 1.000000000000000000e+00 2.029899999999999594e+00
3.858928560707065580e-01 2.000000000000000000e+00 0.000000000000000000e+00 -1.624900000000000677e+00
8.807285394160606629e-01 2.000000000000000000e+00 4.000000000000000000e+00 4.364100000000001423e+00
1.622146238757446735e-01 6.000000000000000000e+00 7.000000000000000000e+00 2.218100000000002847e+00
6.757916364888925109e-01 0.000000000000000000e+00 6.000000000000000000e+00 3.368500000000001826e+00
7.328090954055055395e-01 1.000000000000000000e+00 0.000000000000000000e+00 4.073100000000001053e+00
6.056838132410554687e-01 1.000000000000000000e+00 7.000000000000000000e+00 4.943400000000004901e+00
6.499831585979154447e-01 3.000000000000000000e+00 8.000000000000000000e+00 1.126100000000000323e+00
6.760895538895387302e-01 0.000000000000000000e+00 0.000000000000000000e+00 4.029500000000003190e+00
6.725460532160716376e-01 1.000000000000000000e+00 2.000000000000000000e+00 1.278200000000000003e+00
8.489950317721323136e-01 1.000000000000000000e+00 6.000000000000000000e+00 3.724620000000003373e+00
6.349720395702218578e-01 1.000000000000000000e+00 5.000000000000000000e+00 4.601700000000004565e+00
5.047877346321323344e-01 3.000000000000000000e+00 8.000000000000000000e+00 4.628100000000003433e+00
4.854930576221492267e-01 4.000000000000000000e+00 5.000000000000000000e+00 -1.970899999999998986e+00
5.981616815314103608e-01 3.000000000000000000e+00 7.000000000000000000e+00 2.078119999999999301e+00
4.859755309543508650e-01 3.000000000000000000e+00 4.000000000000000000e+00 -7.368999999999996664e-01
8.795000805170115621e-01 2.000000000000000000e+00 3.000000000000000000e+00 2.280219999999999914e+00
7.593452850579149871e-01 1.000000000000000000e+00 6.000000000000000000e+00 4.425600000000003753e+00
3.894161626296460676e-01 2.000000000000000000e+00 7.000000000000000000e+00 4.590320000000003731e+00
2.628234200956571232e-01 4.000000000000000000e+00 1.100000000000000000e+01 2.866900000000001558e+00
6.333547044915855961e-01 2.000000000000000000e+00 2.000000000000000000e+00 1.639020000000000143e+00
6.735760490733903039e-01 1.000000000000000000e+00 5.000000000000000000e+00 2.423800000000000843e+00
5.968389616111594576e-01 4.000000000000000000e+00 8.000000000000000000e+00 2.135399999999999743e+00
7.038615838122526114e-01 2.000000000000000000e+00 2.000000000000000000e+00 -5.941000000000000725e-01
8.820346880702983894e-01 2.000000000000000000e+00 3.000000000000000000e+00 1.795900000000000052e+00
5.163157587714762853e-01 1.000000000000000000e+00 7.000000000000000000e+00 5.088000000000005407e+00
4.420801782398025570e-01 2.000000000000000000e+00 8.000000000000000000e+00 4.266800000000003479e+00
6.719993918446609538e-01 1.000000000000000000e+00 6.000000000000000000e+00 4.195500000000003560e+00
8.883440640479293160e-01 1.000000000000000000e+00 4.000000000000000000e+00 2.786400000000001320e+00
7.274904352781299544e-01 2.000000000000000000e+00 3.000000000000000000e+00 2.972200000000000841e+00
6.348923048546949444e-01 2.000000000000000000e+00 2.000000000000000000e+00 2.107520000000000060e+00
6.851425387768039776e-01 3.000000000000000000e+00 2.000000000000000000e+00 1.803600000000000092e+00
3.265009773626080247e-01 4.000000000000000000e+00 9.000000000000000000e+00 4.747620000000003948e+00
4.451299476261081911e-01 4.000000000000000000e+00 2.000000000000000000e+00 -2.480499999999999705e+00
3.666454748617402615e-01 3.000000000000000000e+00 9.000000000000000000e+00 3.354400000000000936e+00
5.587796727232702265e-01 3.000000000000000000e+00 4.000000000000000000e+00 1.852199999999999847e+00
5.026174723885976636e-01 3.000000000000000000e+00 6.000000000000000000e+00 2.878400000000000070e+00
5.405640626920956704e-01 3.000000000000000000e+00 5.000000000000000000e+00 2.242300000000000182e+00
9.057552159605036790e-01 1.000000000000000000e+00 5.000000000000000000e+00 3.589500000000001911e+00
1.401640200282066595e-01 8.000000000000000000e+00 4.000000000000000000e+00 -1.514999999999997238e+00
7.711850955719793399e-01 1.000000000000000000e+00 5.000000000000000000e+00 4.025800000000002932e+00
7.314900236053013538e-01 0.000000000000000000e+00 5.000000000000000000e+00 1.930000000000000604e-01
7.368838068366226901e-01 2.000000000000000000e+00 2.000000000000000000e+00 7.004000000000000226e-01
8.701839218107901841e-01 2.000000000000000000e+00 2.000000000000000000e+00 1.580999999999999739e+00
6.892952763042523578e-01 1.000000000000000000e+00 4.000000000000000000e+00 2.438000000000000611e+00
7.643946387362141603e-01 1.000000000000000000e+00 2.000000000000000000e+00 2.966200000000000614e+00
8.288580486751156995e-01 0.000000000000000000e+00 4.000000000000000000e+00 4.241000000000003212e+00
8.321538928687809422e-01 0.000000000000000000e+00 3.000000000000000000e+00 4.239400000000003388e+00
8.561371493463950655e-01 2.000000000000000000e+00 2.000000000000000000e+00 2.523800000000000487e+00
3.186643298109016476e-01 2.000000000000000000e+00 7.000000000000000000e+00 6.075200000000006817e+00
2.020614029413286550e-01 5.000000000000000000e+00 1.500000000000000000e+01 3.096200000000002284e+00
3.735666920618680997e-01 1.000000000000000000e+00 8.000000000000000000e+00 4.171100000000003583e+00
1.895719373114457262e-01 6.000000000000000000e+00 4.000000000000000000e+00 3.426220000000002486e+00
8.750781046218948367e-01 1.000000000000000000e+00 3.000000000000000000e+00 1.801600000000000090e+00
1.975020712188346739e-01 5.000000000000000000e+00 1.200000000000000000e+01 3.092400000000003146e+00
6.390622750209785652e-01 1.000000000000000000e+00 6.000000000000000000e+00 4.585600000000004783e+00
5.272701509469331915e-01 4.000000000000000000e+00 3.000000000000000000e+00 -1.486299999999998844e+00
6.918289177745704510e-01 3.000000000000000000e+00 3.000000000000000000e+00 2.081599999999999895e+00
6.498890462135971102e-01 2.000000000000000000e+00 2.000000000000000000e+00 -7.090799999999999326e-01
8.173307365183630768e-01 2.000000000000000000e+00 3.000000000000000000e+00 1.229519999999999724e+00
8.445712183265352557e-01 2.000000000000000000e+00 6.000000000000000000e+00 1.321199999999999708e+00
1.849555364451367367e-01 3.000000000000000000e+00 7.000000000000000000e+00 4.639000000000003787e+00
4.505726789966775225e-01 0.000000000000000000e+00 8.000000000000000000e+00 5.996100000000005537e+00
7.108052891482256053e-01 2.000000000000000000e+00 2.000000000000000000e+00 3.219600000000001572e+00
7.233587999857974404e-01 1.000000000000000000e+00 1.000000000000000000e+00 8.779999999999993365e-02
7.242181334958016636e-01 2.000000000000000000e+00 5.000000000000000000e+00 2.110200000000003184e-01
6.904010628546759509e-01 0.000000000000000000e+00 5.000000000000000000e+00 2.361699999999999910e+00
6.634881818264520836e-01 0.000000000000000000e+00 1.000000000000000000e+00 4.233520000000002170e+00
6.423719745530849234e-01 1.000000000000000000e+00 5.000000000000000000e+00 2.287399999999999878e+00
4.944316269245907502e-01 2.000000000000000000e+00 1.000000000000000000e+01 4.161700000000002397e+00
7.446971593088007602e-01 0.000000000000000000e+00 3.000000000000000000e+00 3.248840000000001282e+00
8.813012171505193448e-01 1.000000000000000000e+00 4.000000000000000000e+00 2.845020000000001659e+00
6.307722261623975868e-01 0.000000000000000000e+00 1.000000000000000000e+00 3.460000000000001741e+00
5.604518631285453356e-01 2.000000000000000000e+00 2.000000000000000000e+00 -9.792999999999998373e-01
7.469327757845524163e-01 0.000000000000000000e+00 2.000000000000000000e+00 4.331900000000003637e+00
2.610666568481695982e-01 4.000000000000000000e+00 9.000000000000000000e+00 4.127200000000002866e+00
6.884060373098841445e-01 3.000000000000000000e+00 6.000000000000000000e+00 -1.550000000000045786e-02
6.883851767206593530e-01 3.000000000000000000e+00 7.000000000000000000e+00 6.205999999999991523e-01
6.553284330931988810e-01 3.000000000000000000e+00 8.000000000000000000e+00 1.207299999999998930e+00
6.506838354076933673e-01 3.000000000000000000e+00 8.000000000000000000e+00 1.934999999999998055e+00
7.939132691290625710e-01 2.000000000000000000e+00 5.000000000000000000e+00 8.699000000000001176e-01
7.988196169102513844e-01 2.000000000000000000e+00 7.000000000000000000e+00 1.896099999999999453e+00
8.225586182094088983e-01 2.000000000000000000e+00 7.000000000000000000e+00 2.092699999999999338e+00
8.124666703940016665e-01 2.000000000000000000e+00 7.000000000000000000e+00 2.820400000000001128e+00
3.286018115572730269e-01 3.000000000000000000e+00 8.000000000000000000e+00 3.662070000000001713e+00
2.503163114060668604e-01 4.000000000000000000e+00 9.000000000000000000e+00 2.869270000000001986e+00
2.180153857764415559e-01 3.000000000000000000e+00 9.000000000000000000e+00 2.957670000000001131e+00
2.503074399624948265e-01 4.000000000000000000e+00 9.000000000000000000e+00 2.726770000000001914e+00
2.180544028877799412e-01 3.000000000000000000e+00 9.000000000000000000e+00 2.815170000000001060e+00
1.590526302753283439e-01 5.000000000000000000e+00 9.000000000000000000e+00 2.746870000000002143e+00
2.449125676681356834e-01 4.000000000000000000e+00 9.000000000000000000e+00 2.987470000000001846e+00
5.167578679333806324e-01 2.000000000000000000e+00 7.000000000000000000e+00 3.960200000000002163e+00
3.182790769269068232e-01 3.000000000000000000e+00 8.000000000000000000e+00 3.922770000000002533e+00
5.319429986672093991e-01 1.000000000000000000e+00 1.000000000000000000e+01 3.113700000000001467e+00
4.232001865935682838e-01 1.000000000000000000e+00 1.300000000000000000e+01 3.354300000000002058e+00
3.830911356969203263e-01 3.000000000000000000e+00 6.000000000000000000e+00 1.800200000000000022e+00
8.689833780737897806e-01 1.000000000000000000e+00 6.000000000000000000e+00 2.729600000000000470e+00
8.386354997086136187e-01 1.000000000000000000e+00 7.000000000000000000e+00 3.119700000000001694e+00
7.467553000305771072e-01 1.000000000000000000e+00 8.000000000000000000e+00 3.509800000000002029e+00
7.011521579123559667e-01 1.000000000000000000e+00 9.000000000000000000e+00 3.899900000000002365e+00
4.382323451210036191e-01 4.000000000000000000e+00 4.000000000000000000e+00 3.181740000000000457e+00
8.161073363868143193e-01 1.000000000000000000e+00 4.000000000000000000e+00 3.602400000000002045e+00
8.887969358156733168e-01 1.000000000000000000e+00 4.000000000000000000e+00 1.699199999999999822e+00
4.560917735982505938e-01 3.000000000000000000e+00 4.000000000000000000e+00 -1.336199999999999832e+00
7.361011148663422210e-01 2.000000000000000000e+00 3.000000000000000000e+00 4.368500000000002714e+00
2.378914345193497981e-01 8.000000000000000000e+00 5.000000000000000000e+00 -5.395599999999992846e+00
4.692991943469312921e-01 3.000000000000000000e+00 2.000000000000000000e+00 1.908970000000000056e+00
4.513521877377076885e-01 2.000000000000000000e+00 1.000000000000000000e+00 -5.817999999999998728e-01
5.065762632171869617e-01 2.000000000000000000e+00 3.000000000000000000e+00 -1.511899999999998245e+00
2.655134125544266754e-01 3.000000000000000000e+00 1.100000000000000000e+01 5.234620000000004936e+00
3.457118251411973042e-01 3.000000000000000000e+00 2.000000000000000000e+00 1.664400000000000102e+00
6.034630671940003355e-01 3.000000000000000000e+00 8.000000000000000000e+00 9.925999999999992607e-01
6.785464885507251909e-01 3.000000000000000000e+00 8.000000000000000000e+00 1.772799999999999709e+00
7.524509230706135643e-01 2.000000000000000000e+00 4.000000000000000000e+00 1.895319999999999894e+00
1.023578435725157887e-01 8.000000000000000000e+00 1.100000000000000000e+01 1.134200000000010977e+00
1.097549719175018590e-01 7.000000000000000000e+00 1.100000000000000000e+01 1.476400000000011037e+00
1.226007168261896291e-01 6.000000000000000000e+00 1.100000000000000000e+01 1.818600000000010652e+00
7.392537139575798832e-01 2.000000000000000000e+00 4.000000000000000000e+00 2.190999999999999615e-01
6.583295437899586711e-01 3.000000000000000000e+00 8.000000000000000000e+00 9.465999999999998860e-01
3.423287044390101452e-01 3.000000000000000000e+00 1.200000000000000000e+01 2.016299999999999759e+00
3.757917982718197436e-01 2.000000000000000000e+00 1.200000000000000000e+01 2.358499999999998931e+00
3.800667515204314562e-01 1.000000000000000000e+00 1.200000000000000000e+01 2.700700000000000323e+00
3.715783869489442948e-01 1.000000000000000000e+00 1.200000000000000000e+01 2.961399999999999366e+00
3.018342054783703654e-01 4.000000000000000000e+00 8.000000000000000000e+00 -1.404299999999971682e-01
9.223792245468760420e-01 1.000000000000000000e+00 4.000000000000000000e+00 2.488100000000000200e+00
8.915973887511962070e-01 1.000000000000000000e+00 4.000000000000000000e+00 1.123599999999999710e+00
7.822715634493305759e-01 1.000000000000000000e+00 4.000000000000000000e+00 2.046599999999999753e+00
5.859666656679414221e-01 1.000000000000000000e+00 6.000000000000000000e+00 1.756299999999999750e+00
6.466894800020214218e-01 2.000000000000000000e+00 6.000000000000000000e+00 1.118799999999998684e+00
6.622075329588555936e-01 2.000000000000000000e+00 6.000000000000000000e+00 1.118799999999999795e+00
9.082591593484662384e-01 1.000000000000000000e+00 4.000000000000000000e+00 2.220679999999999765e+00
7.502912660741175577e-01 1.000000000000000000e+00 4.000000000000000000e+00 1.712699999999999889e+00
4.031691099211885954e-01 2.000000000000000000e+00 7.000000000000000000e+00 2.588200000000000500e+00
7.329079164359109111e-01 2.000000000000000000e+00 4.000000000000000000e+00 1.276299999999999546e+00
3.052646656849224982e-01 1.000000000000000000e+00 1.000000000000000000e+01 5.712300000000005262e+00
2.523517257960772864e-01 0.000000000000000000e+00 1.000000000000000000e+01 6.085800000000007870e+00
7.511105379019850092e-01 2.000000000000000000e+00 4.000000000000000000e+00 3.355500000000001926e+00
3.826626675611670136e-01 2.000000000000000000e+00 1.000000000000000000e+01 2.811900000000001398e+00
5.538839737828148424e-01 3.000000000000000000e+00 6.000000000000000000e+00 1.604800000000000226e+00
4.686490982647882886e-01 2.000000000000000000e+00 8.000000000000000000e+00 1.951299999999998702e+00
7.385179960410467315e-01 2.000000000000000000e+00 4.000000000000000000e+00 3.750600000000002154e+00
7.941273263607200317e-01 2.000000000000000000e+00 4.000000000000000000e+00 6.077399999999999469e-01
5.144142268161767673e-01 3.000000000000000000e+00 8.000000000000000000e+00 2.779700000000000948e+00
7.691102211860767479e-01 1.000000000000000000e+00 5.000000000000000000e+00 2.107099999999999973e+00
5.595377610813082603e-01 3.000000000000000000e+00 6.000000000000000000e+00 -5.626999999999993118e-01
5.679087160162246128e-01 3.000000000000000000e+00 6.000000000000000000e+00 -7.592999999999983096e-01
3.426303431853080506e-01 4.000000000000000000e+00 9.000000000000000000e+00 -4.218999999999981099e-01
3.661680131576107167e-01 4.000000000000000000e+00 8.000000000000000000e+00 -1.643099999999996452e+00
5.156665424117731211e-01 4.000000000000000000e+00 3.000000000000000000e+00 8.580000000000004290e-02
1.059818298821348787e-01 7.000000000000000000e+00 8.000000000000000000e+00 3.342900000000002869e+00
2.080684674644794618e-01 6.000000000000000000e+00 8.000000000000000000e+00 1.388399999999999856e+00
1.253324387626000846e-01 7.000000000000000000e+00 8.000000000000000000e+00 2.768800000000001482e+00
7.002517986478751233e-02 7.000000000000000000e+00 1.900000000000000000e+01 3.746640000000004633e+00
9.005558361097687481e-02 1.000000000000000000e+01 1.200000000000000000e+01 -1.813499999999996337e+00
9.895820369214980428e-02 1.000000000000000000e+01 1.100000000000000000e+01 -1.468799999999998551e+00
1.399923623874467782e-01 8.000000000000000000e+00 9.000000000000000000e+00 6.789999999999851710e-02
3.095391713618318441e-01 5.000000000000000000e+00 6.000000000000000000e+00 2.594800000000000217e+00
5.969446160833804527e-01 1.000000000000000000e+00 0.000000000000000000e+00 1.498599999999999932e+00
4.530862930860221627e-01 2.000000000000000000e+00 6.000000000000000000e+00 2.483900000000000663e+00
5.428306631297815654e-01 1.000000000000000000e+00 7.000000000000000000e+00 3.022500000000001741e+00
3.577241226693033682e-01 0.000000000000000000e+00 7.000000000000000000e+00 4.051700000000002966e+00
3.520194943130225962e-01 0.000000000000000000e+00 7.000000000000000000e+00 3.108800000000002228e+00
3.428123726404279648e-01 2.000000000000000000e+00 8.000000000000000000e+00 3.435900000000000176e+00
2.791713040585496186e-01 0.000000000000000000e+00 8.000000000000000000e+00 4.299880000000003477e+00
3.846869911204498504e-01 0.000000000000000000e+00 7.000000000000000000e+00 2.904180000000000206e+00
3.998954332020872582e-01 0.000000000000000000e+00 8.000000000000000000e+00 3.177480000000001858e+00
3.108364907908544583e-01 3.000000000000000000e+00 1.100000000000000000e+01 3.509900000000003573e+00
2.809626986718058994e-01 3.000000000000000000e+00 1.200000000000000000e+01 3.962200000000003719e+00
3.188893073303260550e-01 3.000000000000000000e+00 1.100000000000000000e+01 3.041400000000002102e+00
3.074155357468771332e-01 3.000000000000000000e+00 1.000000000000000000e+01 4.678600000000003867e+00
2.481496567459841041e-01 3.000000000000000000e+00 1.200000000000000000e+01 5.316300000000005355e+00
1.973645636136984460e-01 3.000000000000000000e+00 1.400000000000000000e+01 5.772400000000005527e+00
5.998689433499304613e-01 1.000000000000000000e+00 1.000000000000000000e+00 7.797999999999999376e-01
5.126510027980979434e-01 1.000000000000000000e+00 0.000000000000000000e+00 6.638000000000000567e-01
5.772627921564856823e-01 1.000000000000000000e+00 1.000000000000000000e+00 1.804999999999999383e-01
4.994929876185535966e-01 0.000000000000000000e+00 0.000000000000000000e+00 1.734999999999999654e+00
5.716595527444869873e-01 1.000000000000000000e+00 1.000000000000000000e+00 5.738999999999999657e-01
6.166619296375706050e-01 0.000000000000000000e+00 1.000000000000000000e+00 2.748600000000000598e+00
5.313362980164081373e-01 0.000000000000000000e+00 1.000000000000000000e+00 1.643999999999999906e+00
4.531479654842904825e-01 0.000000000000000000e+00 0.000000000000000000e+00 1.081599999999999895e+00
4.719983679006756194e-01 0.000000000000000000e+00 0.000000000000000000e+00 1.390020000000000033e+00
7.692791574014996581e-01 0.000000000000000000e+00 4.000000000000000000e+00 5.071200000000004593e+00
6.762741267950596047e-01 0.000000000000000000e+00 4.000000000000000000e+00 5.724600000000005018e+00
7.006863107861854845e-01 0.000000000000000000e+00 2.000000000000000000e+00 3.468600000000002126e+00
7.376336116501087670e-01 0.000000000000000000e+00 3.000000000000000000e+00 3.477200000000002511e+00
7.378827751976017035e-01 0.000000000000000000e+00 4.000000000000000000e+00 3.485800000000002008e+00
7.000915459156880072e-01 2.000000000000000000e+00 1.000000000000000000e+00 2.871200000000000863e+00
6.318329361180623494e-01 3.000000000000000000e+00 1.000000000000000000e+00 2.576800000000000868e+00
3.395987622505338699e-01 0.000000000000000000e+00 1.000000000000000000e+01 2.922980000000000800e+00
4.278467231561954853e-01 0.000000000000000000e+00 1.000000000000000000e+01 3.303080000000001348e+00
6.030252637830217644e-02 6.000000000000000000e+00 1.800000000000000000e+01 4.369100000000006645e+00
4.033220471882230651e-01 4.000000000000000000e+00 7.000000000000000000e+00 1.476070000000000437e+00
3.684120009205945068e-01 2.000000000000000000e+00 8.000000000000000000e+00 1.921469999999999567e+00
3.289214045167495049e-01 3.000000000000000000e+00 8.000000000000000000e+00 1.954569999999999252e+00
5.497916611124069597e-01 2.000000000000000000e+00 7.000000000000000000e+00 2.682999999999999829e+00
5.318249853869521093e-01 1.000000000000000000e+00 1.000000000000000000e+00 1.944300000000000139e+00
5.381898589241772557e-01 3.000000000000000000e+00 5.000000000000000000e+00 7.389000000000011115e-01
7.622948581230944987e-01 2.000000000000000000e+00 4.000000000000000000e+00 3.094800000000001106e+00
5.163920827344874454e-01 0.000000000000000000e+00 4.000000000000000000e+00 2.460399999999999920e+00
5.831173613840934244e-01 2.000000000000000000e+00 0.000000000000000000e+00 2.730120000000000324e+00
3.139752648777194843e-01 2.000000000000000000e+00 9.000000000000000000e+00 1.961839999999998696e+00
3.021123656230975119e-01 2.000000000000000000e+00 9.000000000000000000e+00 2.306819999999999204e+00
2.770322702663187697e-01 2.000000000000000000e+00 9.000000000000000000e+00 2.415919999999999845e+00
1.947781299502948649e-01 2.000000000000000000e+00 9.000000000000000000e+00 2.258019999999999250e+00
7.781066233799223408e-02 5.000000000000000000e+00 1.300000000000000000e+01 2.209600000000007558e+00
6.891226462962030119e-01 1.000000000000000000e+00 1.000000000000000000e+00 2.217500000000000249e+00
4.138066004275887111e-01 1.000000000000000000e+00 6.000000000000000000e+00 3.732700000000003016e+00
4.213902519761812404e-01 1.000000000000000000e+00 6.000000000000000000e+00 4.000120000000002563e+00
3.558673248107405152e-01 1.000000000000000000e+00 7.000000000000000000e+00 4.063620000000003785e+00
3.628547736181348404e-01 1.000000000000000000e+00 8.000000000000000000e+00 4.007420000000003313e+00
4.276251928469087527e-01 2.000000000000000000e+00 6.000000000000000000e+00 3.344720000000002358e+00
2.819644170745229106e-01 1.000000000000000000e+00 1.100000000000000000e+01 4.116820000000003255e+00
3.320676233114772113e-01 1.000000000000000000e+00 9.000000000000000000e+00 4.109520000000003392e+00
3.136348382816699365e-01 3.000000000000000000e+00 1.100000000000000000e+01 2.786900000000002819e+00
2.607356275786927302e-01 4.000000000000000000e+00 1.100000000000000000e+01 3.634400000000002962e+00
2.512713924037703883e-01 3.000000000000000000e+00 1.200000000000000000e+01 3.891000000000003567e+00
2.901184585422020845e-01 3.000000000000000000e+00 1.100000000000000000e+01 3.500900000000003232e+00
2.302721811573491817e-01 3.000000000000000000e+00 1.100000000000000000e+01 5.945000000000006501e+00
2.543124229835274086e-01 3.000000000000000000e+00 1.200000000000000000e+01 4.934800000000003628e+00
3.577702293213079754e-01 5.000000000000000000e+00 7.000000000000000000e+00 2.898200000000000109e+00
3.113417468930022580e-01 5.000000000000000000e+00 8.000000000000000000e+00 3.064300000000001134e+00
3.838702627006604917e-01 5.000000000000000000e+00 6.000000000000000000e+00 2.508099999999999774e+00
4.661861335340392598e-01 4.000000000000000000e+00 6.000000000000000000e+00 3.393200000000001992e+00
3.530616737015228601e-01 6.000000000000000000e+00 5.000000000000000000e+00 1.853999999999999426e+00
2.947118148708682828e-01 7.000000000000000000e+00 5.000000000000000000e+00 8.247999999999993115e-01
1.088698267065517089e-01 0.000000000000000000e+00 2.000000000000000000e+01 8.463800000000006207e+00
1.019277746183100963e-01 0.000000000000000000e+00 2.100000000000000000e+01 8.687800000000006406e+00
8.049406759563619840e-01 1.000000000000000000e+00 5.000000000000000000e+00 2.099400000000000155e+00
5.400571681918563405e-01 1.000000000000000000e+00 0.000000000000000000e+00 3.100900000000001100e+00
6.918122514108588916e-01 1.000000000000000000e+00 0.000000000000000000e+00 3.314800000000001745e+00
3.960723689524711655e-01 1.000000000000000000e+00 4.000000000000000000e+00 2.990720000000001377e+00
4.761839314892425401e-01 1.000000000000000000e+00 2.000000000000000000e+00 -3.150999999999998802e-01
5.187614861839715541e-01 1.000000000000000000e+00 7.000000000000000000e+00 1.110799999999999788e+00
4.935480288682245892e-02 1.400000000000000000e+01 1.200000000000000000e+01 -5.257999999999982244e+00
3.991652523836827782e-01 5.000000000000000000e+00 8.000000000000000000e+00 -1.377199999999997981e+00
6.717520105490446536e-01 0.000000000000000000e+00 5.000000000000000000e+00 2.401400000000000645e+00
7.209846494716930509e-01 2.000000000000000000e+00 1.000000000000000000e+00 1.741199999999999637e+00
4.084054154434649253e-01 2.000000000000000000e+00 1.400000000000000000e+01 4.011900000000002464e+00
1.668593457918570999e-01 5.000000000000000000e+00 7.000000000000000000e+00 3.622800000000001575e+00
6.902111556907568612e-01 0.000000000000000000e+00 1.000000000000000000e+00 2.694500000000000561e+00
4.801928118467968520e-01 0.000000000000000000e+00 2.000000000000000000e+00 3.384500000000001840e+00
5.399712402834775382e-01 3.000000000000000000e+00 3.000000000000000000e+00 4.916000000000002590e-01
7.913980598063086180e-01 0.000000000000000000e+00 6.000000000000000000e+00 3.492700000000002802e+00
2.450280026801634758e-01 0.000000000000000000e+00 2.000000000000000000e+00 6.873900000000008781e+00
9.226625836005750148e-02 9.000000000000000000e+00 1.600000000000000000e+01 -3.098299999999995613e+00
3.116340592607059756e-01 5.000000000000000000e+00 8.000000000000000000e+00 -3.527299999999996771e+00
2.871907922736642305e-01 5.000000000000000000e+00 1.000000000000000000e+01 -2.273699999999996280e+00
1.984280037861455848e-01 8.000000000000000000e+00 4.000000000000000000e+00 -2.589899999999992986e+00
6.813170466380936707e-01 0.000000000000000000e+00 0.000000000000000000e+00 2.092500000000000249e+00
7.194945431607849828e-01 0.000000000000000000e+00 2.000000000000000000e+00 2.109700000000000131e+00
4.243867323958402382e-01 0.000000000000000000e+00 2.000000000000000000e+00 2.122300000000000075e+00
7.112914525543433397e-01 1.000000000000000000e+00 0.000000000000000000e+00 1.063299999999999024e+00
2.145597338158415079e-01 6.000000000000000000e+00 1.200000000000000000e+01 4.531240000000002155e+00
1.022131076497124619e-01 8.000000000000000000e+00 1.800000000000000000e+01 2.370040000000003033e+00
2.517122942588609913e-01 5.000000000000000000e+00 1.100000000000000000e+01 4.806520000000002568e+00
5.631528896421874597e-01 2.000000000000000000e+00 7.000000000000000000e+00 3.096100000000001629e+00
3.059572133777506697e-01 2.000000000000000000e+00 8.000000000000000000e+00 4.945700000000003982e+00
2.937239597833430360e-01 2.000000000000000000e+00 8.000000000000000000e+00 5.254120000000004787e+00
2.786680638877991334e-01 2.000000000000000000e+00 8.000000000000000000e+00 5.599100000000005295e+00
3.216656293306440206e-01 2.000000000000000000e+00 8.000000000000000000e+00 4.316320000000002821e+00
2.965548845645897269e-01 2.000000000000000000e+00 8.000000000000000000e+00 5.192620000000004232e+00
1.556643247343094671e-01 8.000000000000000000e+00 7.000000000000000000e+00 -1.478200000000000180e+00
2.995962031840399553e-01 7.000000000000000000e+00 3.000000000000000000e+00 9.169999999999978169e-02
3.018068640168702355e-01 6.000000000000000000e+00 5.000000000000000000e+00 5.849999999999955236e-02
5.458513994143423531e-01 4.000000000000000000e+00 1.000000000000000000e+00 2.282400000000000428e+00
5.721390849031664505e-01 4.000000000000000000e+00 2.000000000000000000e+00 2.291000000000001702e+00
2.759883948284764799e-01 7.000000000000000000e+00 3.000000000000000000e+00 4.886999999999995237e-01
1.466352748308022980e-01 9.000000000000000000e+00 7.000000000000000000e+00 -1.384099999999999886e+00
5.825029725741741604e-01 3.000000000000000000e+00 3.000000000000000000e+00 2.699500000000000899e+00
7.176240861176604868e-01 1.000000000000000000e+00 6.000000000000000000e+00 4.831620000000003579e+00
4.571539488189881317e-01 2.000000000000000000e+00 1.000000000000000000e+01 4.821020000000003414e+00
4.873785158038173027e-01 2.000000000000000000e+00 9.000000000000000000e+00 4.692600000000004101e+00
4.805057213634867375e-01 1.000000000000000000e+00 1.000000000000000000e+01 4.771500000000004960e+00
5.387754270643470011e-01 2.000000000000000000e+00 9.000000000000000000e+00 4.337920000000003107e+00
4.881019694607000581e-01 2.000000000000000000e+00 1.000000000000000000e+01 4.598620000000003927e+00
4.530543331659357964e-01 1.000000000000000000e+00 1.000000000000000000e+01 5.079920000000004876e+00
4.741336008081463160e-01 2.000000000000000000e+00 9.000000000000000000e+00 4.689900000000002400e+00
4.396866328334071428e-01 1.000000000000000000e+00 1.000000000000000000e+01 5.285800000000005383e+00
7.339509418091200166e-01 2.000000000000000000e+00 2.000000000000000000e+00 3.419800000000001283e+00
7.811157398646856320e-01 1.000000000000000000e+00 5.000000000000000000e+00 3.426500000000001656e+00
7.576006561625924229e-01 1.000000000000000000e+00 6.000000000000000000e+00 3.335500000000002352e+00
7.127480644656505326e-01 1.000000000000000000e+00 6.000000000000000000e+00 3.671700000000002184e+00
6.182101060116894642e-01 1.000000000000000000e+00 7.000000000000000000e+00 3.941000000000002501e+00
7.559317168572093903e-01 1.000000000000000000e+00 5.000000000000000000e+00 4.070600000000003327e+00
7.436315404430210441e-01 1.000000000000000000e+00 6.000000000000000000e+00 3.896500000000002295e+00
3.689631947039243021e-01 3.000000000000000000e+00 6.000000000000000000e+00 2.879120000000001234e+00
3.706251137440299548e-01 3.000000000000000000e+00 6.000000000000000000e+00 3.685220000000001939e+00
6.896849189629865595e-01 2.000000000000000000e+00 5.000000000000000000e+00 4.421300000000002228e+00
6.519570815528895613e-01 2.000000000000000000e+00 6.000000000000000000e+00 4.301100000000001700e+00
6.867306237793391333e-01 2.000000000000000000e+00 5.000000000000000000e+00 4.700000000000002842e+00
6.876914840444764421e-01 2.000000000000000000e+00 5.000000000000000000e+00 4.165000000000001812e+00
6.588197021957453714e-01 2.000000000000000000e+00 5.000000000000000000e+00 4.729720000000002145e+00
4.358760524587997898e-01 2.000000000000000000e+00 5.000000000000000000e+00 5.574500000000003119e+00
4.223948012243354810e-01 2.000000000000000000e+00 8.000000000000000000e+00 3.599100000000001742e+00
4.557830646082304815e-01 1.000000000000000000e+00 8.000000000000000000e+00 3.623400000000001953e+00
5.296180926998883542e-01 1.000000000000000000e+00 6.000000000000000000e+00 2.987300000000002065e+00
5.787212094289729825e-01 1.000000000000000000e+00 5.000000000000000000e+00 2.207099999999999618e+00
4.748698207456169551e-01 1.000000000000000000e+00 7.000000000000000000e+00 2.987300000000001177e+00
4.940734936317275894e-01 1.000000000000000000e+00 7.000000000000000000e+00 2.916200000000001680e+00
4.578882910096598313e-01 1.000000000000000000e+00 8.000000000000000000e+00 3.306300000000002015e+00
4.660698732510080711e-01 1.000000000000000000e+00 7.000000000000000000e+00 3.651300000000002655e+00
4.530187266433019500e-01 1.000000000000000000e+00 8.000000000000000000e+00 2.752500000000001279e+00
4.505266659904985649e-01 1.000000000000000000e+00 7.000000000000000000e+00 3.386900000000001576e+00
5.123324810240907912e-01 1.000000000000000000e+00 7.000000000000000000e+00 3.493200000000000749e+00
5.228234505168480872e-01 3.000000000000000000e+00 9.000000000000000000e+00 3.789900000000002045e+00
1.792631060347084637e-01 2.000000000000000000e+00 7.000000000000000000e+00 5.501600000000006041e+00
4.837219238285161427e-01 2.000000000000000000e+00 1.000000000000000000e+00 6.124400000000006727e+00
2.201136382661699198e-01 2.000000000000000000e+00 1.000000000000000000e+01 8.015100000000007441e+00
8.440454573306046537e-01 2.000000000000000000e+00 2.000000000000000000e+00 2.308840000000000003e+00
4.621578505209971710e-01 5.000000000000000000e+00 5.000000000000000000e+00 1.330399999999993810e-01
1.240060114086665305e-01 1.100000000000000000e+01 7.000000000000000000e+00 -3.065799999999998970e+00
5.991000970579689611e-01 3.000000000000000000e+00 8.000000000000000000e+00 4.266000000000002568e-01
6.503445638223377401e-01 3.000000000000000000e+00 7.000000000000000000e+00 1.198000000000000731e-01
4.678132120102907465e-01 4.000000000000000000e+00 6.000000000000000000e+00 1.230200000000000404e+00
3.761658528106208155e-01 2.000000000000000000e+00 7.000000000000000000e+00 3.534100000000002240e+00
8.638209859209473596e-01 2.000000000000000000e+00 3.000000000000000000e+00 2.331600000000000783e+00
4.370937349229983560e-01 6.000000000000000000e+00 1.000000000000000000e+00 1.251700000000000035e+00
5.423525515473746061e-01 2.000000000000000000e+00 2.000000000000000000e+00 3.968600000000001238e+00
3.429754855742072617e-01 2.000000000000000000e+00 8.000000000000000000e+00 3.927200000000002689e+00
6.997065930289374514e-01 2.000000000000000000e+00 4.000000000000000000e+00 2.413700000000000401e+00
5.458309652959041358e-01 3.000000000000000000e+00 1.000000000000000000e+00 -8.377000000000003332e-01
4.645989628584020203e-01 2.000000000000000000e+00 3.000000000000000000e+00 -3.159999999999997811e-01
1.388345133257110620e-01 7.000000000000000000e+00 1.600000000000000000e+01 -4.555999999999938432e-01
1.404406790596035848e-01 7.000000000000000000e+00 1.600000000000000000e+01 -6.709999999999488596e-02
1.342548316527050201e-01 7.000000000000000000e+00 1.600000000000000000e+01 -4.056999999999932882e-01
8.422050786185117932e-01 1.000000000000000000e+00 4.000000000000000000e+00 1.350499999999999812e+00
7.994276445073709159e-01 1.000000000000000000e+00 3.000000000000000000e+00 1.206699999999999884e+00
7.967366887331196468e-01 1.000000000000000000e+00 3.000000000000000000e+00 1.173100000000000032e+00
4.194725593556027365e-01 0.000000000000000000e+00 8.000000000000000000e+00 2.615100000000000868e+00
5.206097171765968756e-01 3.000000000000000000e+00 5.000000000000000000e+00 7.555999999999996053e-01
8.334859469491150419e-01 1.000000000000000000e+00 4.000000000000000000e+00 7.243999999999999329e-01
7.601968157837575291e-01 3.000000000000000000e+00 4.000000000000000000e+00 7.741999999999997772e-01
8.804887811319044300e-01 1.000000000000000000e+00 4.000000000000000000e+00 6.406199999999999672e-01
6.956665504818205781e-01 0.000000000000000000e+00 1.000000000000000000e+00 2.160599999999999632e+00
7.980420727659719160e-02 9.000000000000000000e+00 1.800000000000000000e+01 -2.443999999999995509e+00
4.551320674051376747e-01 4.000000000000000000e+00 2.000000000000000000e+00 -2.439599999999999991e+00
4.478797561915473513e-01 4.000000000000000000e+00 5.000000000000000000e+00 -1.905399999999998872e+00
3.429058633484306506e-01 2.000000000000000000e+00 1.200000000000000000e+01 4.945700000000004870e+00
2.550042141097286219e-01 2.000000000000000000e+00 5.000000000000000000e+00 2.817300000000000360e+00
4.420315915893307523e-01 3.000000000000000000e+00 5.000000000000000000e+00 1.070000000000000062e+00
4.703907118328622405e-01 3.000000000000000000e+00 5.000000000000000000e+00 1.833599999999999897e+00
4.475291480132311261e-01 3.000000000000000000e+00 5.000000000000000000e+00 8.093000000000003524e-01
6.728742004333695403e-01 2.000000000000000000e+00 4.000000000000000000e+00 4.050400000000002443e+00
2.016962191574762642e-01 8.000000000000000000e+00 6.000000000000000000e+00 -1.165200000000000680e+00
8.416103699947918848e-01 2.000000000000000000e+00 1.000000000000000000e+00 1.687699999999999756e+00
5.045077053619066998e-01 2.000000000000000000e+00 1.200000000000000000e+01 4.418100000000003469e+00
4.000902139916928113e-01 1.000000000000000000e+00 1.400000000000000000e+01 5.802300000000005120e+00
2.296749085578937977e-01 4.000000000000000000e+00 1.300000000000000000e+01 2.445900000000003516e+00
1.858809268298521056e-01 4.000000000000000000e+00 9.000000000000000000e+00 6.052700000000005076e+00
2.180326387525766130e-01 4.000000000000000000e+00 6.000000000000000000e+00 2.531870000000000509e+00
3.900488322940013908e-01 3.000000000000000000e+00 6.000000000000000000e+00 3.345220000000001193e+00
4.528708821499907722e-01 2.000000000000000000e+00 6.000000000000000000e+00 3.962220000000001185e+00
3.217255500795611067e-01 3.000000000000000000e+00 6.000000000000000000e+00 4.055600000000000982e+00
3.888818074187081475e-01 2.000000000000000000e+00 6.000000000000000000e+00 4.672600000000002751e+00
3.467719004455656062e-01 2.000000000000000000e+00 6.000000000000000000e+00 4.811700000000002753e+00
2.498267529161940781e-01 2.000000000000000000e+00 9.000000000000000000e+00 5.005500000000004057e+00
6.020160700037417989e-01 1.000000000000000000e+00 0.000000000000000000e+00 2.545400000000000773e+00
3.950680488157954362e-01 3.000000000000000000e+00 1.300000000000000000e+01 5.012600000000004385e+00
4.745677416760593070e-01 2.000000000000000000e+00 8.000000000000000000e+00 4.807700000000004970e+00
5.085564034012253209e-01 3.000000000000000000e+00 8.000000000000000000e+00 4.376300000000003187e+00
5.203149273853852064e-01 2.000000000000000000e+00 8.000000000000000000e+00 4.375100000000003320e+00
5.731636810202538346e-01 3.000000000000000000e+00 5.000000000000000000e+00 -1.149399999999998645e+00
6.143884490200854920e-01 1.000000000000000000e+00 1.000000000000000000e+00 1.178800000000000070e+00
7.230523793284430178e-01 1.000000000000000000e+00 3.000000000000000000e+00 1.958999999999999853e+00
5.907863493842795410e-01 1.000000000000000000e+00 4.000000000000000000e+00 2.349100000000000854e+00
5.617654346363538664e-01 1.000000000000000000e+00 8.000000000000000000e+00 3.909500000000003084e+00
4.288642400729392734e-01 4.000000000000000000e+00 6.000000000000000000e+00 3.635120000000003238e+00
7.784834258327323342e-01 1.000000000000000000e+00 4.000000000000000000e+00 3.300800000000000622e+00
2.955902059437721108e-01 4.000000000000000000e+00 1.200000000000000000e+01 1.934799999999999409e+00
7.817668594270732463e-01 0.000000000000000000e+00 7.000000000000000000e+00 2.658400000000001207e+00
7.890335810877848743e-01 1.000000000000000000e+00 1.000000000000000000e+00 2.163400000000000212e+00
7.170507116408826320e-01 0.000000000000000000e+00 0.000000000000000000e+00 4.258500000000003283e+00
5.670068538462075258e-01 0.000000000000000000e+00 6.000000000000000000e+00 1.553999999999999604e+00
5.727357460576663062e-01 1.000000000000000000e+00 6.000000000000000000e+00 5.248000000000005993e-01
7.220577038314751617e-01 0.000000000000000000e+00 6.000000000000000000e+00 2.625000000000000888e+00
7.809681103612284847e-01 0.000000000000000000e+00 1.000000000000000000e+00 3.547700000000002518e+00
6.311367145324630057e-01 0.000000000000000000e+00 6.000000000000000000e+00 5.265100000000004776e+00
7.225268042811452407e-01 1.000000000000000000e+00 4.000000000000000000e+00 4.070700000000002206e+00
1.272282391218561015e-01 6.000000000000000000e+00 1.700000000000000000e+01 1.879999999999998339e+00
1.466800155841220810e-01 6.000000000000000000e+00 1.500000000000000000e+01 1.540300000000003111e+00
1.326241157291145334e-01 6.000000000000000000e+00 1.600000000000000000e+01 2.472799999999997667e+00
3.327956777277973344e-01 3.000000000000000000e+00 6.000000000000000000e+00 2.752900000000000791e+00
4.808950285995611251e-01 3.000000000000000000e+00 2.000000000000000000e+00 3.249500000000002053e+00
4.753918777707669685e-01 3.000000000000000000e+00 7.000000000000000000e+00 2.313600000000000101e+00
3.810870315371044370e-01 0.000000000000000000e+00 8.000000000000000000e+00 3.010800000000001475e+00
5.923942533477596362e-01 1.000000000000000000e+00 7.000000000000000000e+00 3.164100000000001245e+00
6.376882377251475997e-01 1.000000000000000000e+00 6.000000000000000000e+00 2.663000000000000256e+00
5.782619681146364821e-01 1.000000000000000000e+00 7.000000000000000000e+00 2.982000000000001094e+00
5.604255670086925045e-01 1.000000000000000000e+00 7.000000000000000000e+00 3.543000000000001926e+00
6.198101397256939871e-01 1.000000000000000000e+00 6.000000000000000000e+00 3.053100000000000591e+00
5.849900844417068591e-01 1.000000000000000000e+00 7.000000000000000000e+00 3.188200000000000145e+00
5.483371987420704308e-01 1.000000000000000000e+00 7.000000000000000000e+00 3.923300000000002008e+00
6.286303420042684831e-01 1.000000000000000000e+00 6.000000000000000000e+00 2.885500000000001286e+00
6.104170642769766175e-01 1.000000000000000000e+00 6.000000000000000000e+00 3.275600000000001621e+00
6.692439582642656370e-01 1.000000000000000000e+00 5.000000000000000000e+00 2.956600000000000783e+00
6.489407501977163539e-01 1.000000000000000000e+00 5.000000000000000000e+00 3.346700000000002007e+00
6.354368737723202765e-01 1.000000000000000000e+00 6.000000000000000000e+00 3.091700000000001225e+00
6.544975152628735859e-01 1.000000000000000000e+00 5.000000000000000000e+00 3.552900000000001945e+00
7.289241728381495866e-01 0.000000000000000000e+00 6.000000000000000000e+00 1.971299999999999608e+00
8.150689211428954195e-01 2.000000000000000000e+00 2.000000000000000000e+00 1.338700000000000001e+00
4.595943664537690543e-01 4.000000000000000000e+00 2.000000000000000000e+00 4.436600000000004762e+00
5.436973116166897713e-01 0.000000000000000000e+00 4.000000000000000000e+00 3.104000000000001869e+00
4.292208034093734081e-01 0.000000000000000000e+00 8.000000000000000000e+00 3.300100000000002254e+00
2.638943617094766103e-01 2.000000000000000000e+00 8.000000000000000000e+00 2.116999999999999993e+00
6.613351830457060432e-01 1.000000000000000000e+00 8.000000000000000000e+00 2.558900000000000396e+00
7.159159503623535592e-01 2.000000000000000000e+00 0.000000000000000000e+00 3.437100000000002709e+00
6.388873173207241241e-01 3.000000000000000000e+00 0.000000000000000000e+00 3.228900000000002102e+00
6.387594008228805187e-01 3.000000000000000000e+00 0.000000000000000000e+00 3.148300000000001653e+00
4.775160083809333322e-01 0.000000000000000000e+00 0.000000000000000000e+00 1.930099999999999705e+00
2.468026009291721390e-01 3.000000000000000000e+00 1.200000000000000000e+01 3.386600000000001387e+00
1.114408375110222532e-01 4.000000000000000000e+00 1.700000000000000000e+01 3.384900000000002684e+00
1.876148566253036942e-01 4.000000000000000000e+00 1.300000000000000000e+01 3.758400000000002628e+00
1.479438210193901315e-01 4.000000000000000000e+00 1.400000000000000000e+01 4.057900000000003615e+00
3.812685687700143600e-01 2.000000000000000000e+00 6.000000000000000000e+00 3.752200000000002866e+00
3.532636375339151535e-01 2.000000000000000000e+00 7.000000000000000000e+00 3.760800000000001475e+00
3.174777777471972096e-01 2.000000000000000000e+00 8.000000000000000000e+00 4.340700000000002667e+00
3.482955895825778914e-01 2.000000000000000000e+00 7.000000000000000000e+00 3.899900000000002365e+00
3.469009293854449227e-01 2.000000000000000000e+00 7.000000000000000000e+00 4.069220000000002280e+00
3.227073405855147570e-01 2.000000000000000000e+00 8.000000000000000000e+00 4.077820000000003553e+00
3.374204239035550890e-01 2.000000000000000000e+00 7.000000000000000000e+00 4.459320000000003503e+00
3.417766154931011768e-01 2.000000000000000000e+00 7.000000000000000000e+00 4.208320000000003169e+00
3.028294897336375469e-01 3.000000000000000000e+00 7.000000000000000000e+00 4.256220000000002557e+00
6.474560785985440381e-01 2.000000000000000000e+00 4.000000000000000000e+00 2.126900000000000013e+00
8.747398264671755186e-01 1.000000000000000000e+00 2.000000000000000000e+00 1.543999999999999817e+00
5.847468174028913612e-01 2.000000000000000000e+00 7.000000000000000000e+00 2.831300000000000594e+00
5.112552288085636665e-01 3.000000000000000000e+00 7.000000000000000000e+00 3.031200000000001449e+00
5.023259105130484237e-01 2.000000000000000000e+00 8.000000000000000000e+00 2.266300000000001091e+00
6.509374244824965849e-01 2.000000000000000000e+00 8.000000000000000000e+00 1.350700000000000234e+00
1.334070362172129764e-01 1.000000000000000000e+00 1.800000000000000000e+01 7.049000000000007482e+00
6.747430301104641037e-01 1.000000000000000000e+00 1.000000000000000000e+01 2.582800000000000651e+00
7.947531162646358505e-01 1.000000000000000000e+00 0.000000000000000000e+00 4.018900000000002137e+00
5.207554899320213648e-01 0.000000000000000000e+00 4.000000000000000000e+00 6.190400000000004788e+00
3.842827064554676930e-01 3.000000000000000000e+00 4.000000000000000000e+00 2.138799999999999368e+00
8.060203920942325961e-01 2.000000000000000000e+00 2.000000000000000000e+00 2.666700000000001847e+00
2.692462114236079951e-01 3.000000000000000000e+00 5.000000000000000000e+00 2.433300000000000463e+00
4.057476336771065339e-01 5.000000000000000000e+00 4.000000000000000000e+00 3.442999999999999394e-01
8.398032346789406910e-01 1.000000000000000000e+00 2.000000000000000000e+00 3.695900000000003072e+00
2.628309621009987662e-01 1.000000000000000000e+00 1.100000000000000000e+01 4.238300000000003287e+00
3.254080610338783708e-01 4.000000000000000000e+00 9.000000000000000000e+00 -8.873999999999977462e-01
5.323930170518472726e-01 2.000000000000000000e+00 4.000000000000000000e+00 -6.210000000000004405e-01
2.376562647444510346e-01 0.000000000000000000e+00 1.000000000000000000e+01 2.103200000000000625e+00
6.358354158694681235e-01 2.000000000000000000e+00 9.000000000000000000e+00 1.604600000000000026e+00
9.398376055960551145e-01 1.000000000000000000e+00 4.000000000000000000e+00 3.425200000000002021e+00
3.146920463712627458e-01 6.000000000000000000e+00 3.000000000000000000e+00 -5.403000000000002245e-01
6.723108130019759265e-01 3.000000000000000000e+00 2.000000000000000000e+00 2.585400000000001697e+00
5.552417168170521028e-02 9.000000000000000000e+00 1.700000000000000000e+01 -4.962999999999129219e-02
2.969256042136530493e-01 2.000000000000000000e+00 6.000000000000000000e+00 5.202700000000004543e+00
3.852844044738431561e-01 1.000000000000000000e+00 0.000000000000000000e+00 -3.915000000000000147e-01
7.434085555441104498e-01 3.000000000000000000e+00 3.000000000000000000e+00 7.004000000000004666e-01
3.832720651447042992e-01 0.000000000000000000e+00 1.100000000000000000e+01 4.521200000000004771e+00
6.218892943954102970e-01 1.000000000000000000e+00 1.000000000000000000e+01 3.950400000000003686e+00
4.882471812012685874e-01 1.000000000000000000e+00 5.000000000000000000e+00 2.565700000000000536e+00
7.692390365670642716e-01 1.000000000000000000e+00 5.000000000000000000e+00 2.899740000000001316e+00
6.654601027010005332e-01 2.000000000000000000e+00 9.000000000000000000e+00 3.336200000000000720e+00
1.494482590666242339e-01 3.000000000000000000e+00 8.000000000000000000e+00 5.807100000000007256e+00
8.047367066396059476e-01 2.000000000000000000e+00 3.000000000000000000e+00 1.366019999999999790e+00
5.384628262372215257e-01 0.000000000000000000e+00 0.000000000000000000e+00 -1.029300000000000104e+00
5.317670467916564281e-01 2.000000000000000000e+00 8.000000000000000000e+00 3.589100000000001955e+00
4.880597449229885920e-01 2.000000000000000000e+00 7.000000000000000000e+00 4.651200000000003776e+00
4.482435749856213403e-01 2.000000000000000000e+00 6.000000000000000000e+00 4.378300000000002079e+00
4.154292297268156187e-01 2.000000000000000000e+00 6.000000000000000000e+00 4.974400000000002819e+00
4.492682990910135121e-01 2.000000000000000000e+00 6.000000000000000000e+00 4.460100000000003284e+00
7.150870025516681272e-01 1.000000000000000000e+00 6.000000000000000000e+00 4.694020000000003634e+00
7.325276241844828062e-01 0.000000000000000000e+00 0.000000000000000000e+00 4.014400000000003743e+00
7.113450318490582847e-01 3.000000000000000000e+00 5.000000000000000000e+00 2.432800000000000296e+00
3.440915498549770302e-01 4.000000000000000000e+00 1.000000000000000000e+00 -1.291999999999999815e+00
5.543859717867649639e-01 3.000000000000000000e+00 4.000000000000000000e+00 -1.331800000000000317e+00
6.961649733786912098e-01 3.000000000000000000e+00 3.000000000000000000e+00 1.625400000000000400e+00
4.360349382366308646e-01 2.000000000000000000e+00 9.000000000000000000e+00 3.358100000000002083e+00
7.845504400951160973e-01 0.000000000000000000e+00 6.000000000000000000e+00 3.354200000000002291e+00
4.178840975839869243e-01 1.000000000000000000e+00 1.000000000000000000e+01 3.405100000000001792e+00
5.806406054835550057e-01 2.000000000000000000e+00 3.000000000000000000e+00 6.505000000000000782e-01
5.178545278654339556e-01 1.000000000000000000e+00 8.000000000000000000e+00 4.275600000000003398e+00
7.601212787758543366e-01 0.000000000000000000e+00 7.000000000000000000e+00 4.292000000000004256e+00
5.430485662212737319e-01 4.000000000000000000e+00 3.000000000000000000e+00 4.423000000000000820e-01
5.991629276965468875e-01 4.000000000000000000e+00 7.000000000000000000e+00 3.268600000000001948e+00
3.969489405129480453e-01 2.000000000000000000e+00 8.000000000000000000e+00 6.445800000000008190e+00
8.411561496817552275e-01 1.000000000000000000e+00 5.000000000000000000e+00 1.452499999999999902e+00
4.737861966401250013e-01 1.000000000000000000e+00 8.000000000000000000e+00 5.950920000000006205e+00
3.260061002207254588e-01 2.000000000000000000e+00 2.000000000000000000e+00 4.052870000000001305e+00
6.634167924396038307e-01 3.000000000000000000e+00 8.000000000000000000e+00 1.010699999999998822e+00
7.580258159166628484e-01 2.000000000000000000e+00 5.000000000000000000e+00 4.814000000000000501e-01
8.160845917743486666e-01 2.000000000000000000e+00 6.000000000000000000e+00 1.505999999999999783e+00
2.894861912774083779e-01 4.000000000000000000e+00 8.000000000000000000e+00 1.835370000000001056e+00
2.352625816856561414e-01 6.000000000000000000e+00 5.000000000000000000e+00 1.299999999999301714e-03
4.391367379374335189e-01 4.000000000000000000e+00 3.000000000000000000e+00 3.013800000000002033e+00
2.508183803067940976e-01 6.000000000000000000e+00 6.000000000000000000e+00 2.023000000000018117e-01
6.058907596988365452e-01 2.000000000000000000e+00 1.000000000000000000e+00 -1.492099999999996429e+00
3.013750224008548417e-01 4.000000000000000000e+00 1.200000000000000000e+01 1.674099999999999477e+00
1.979167823483545807e-01 4.000000000000000000e+00 3.000000000000000000e+00 1.827919999999999767e+00
8.935308115352028624e-01 1.000000000000000000e+00 5.000000000000000000e+00 2.195599999999999774e+00
7.659142573142930788e-01 2.000000000000000000e+00 5.000000000000000000e+00 2.064999999999999503e+00
8.783491107674139542e-01 1.000000000000000000e+00 5.000000000000000000e+00 1.734479999999999578e+00
7.269050380510706511e-01 2.000000000000000000e+00 6.000000000000000000e+00 2.325700000000000323e+00
6.012404021093835649e-01 2.000000000000000000e+00 7.000000000000000000e+00 1.655499999999999750e+00
2.752584315365453338e-01 0.000000000000000000e+00 1.000000000000000000e+01 5.396000000000007013e+00
5.709944835154562304e-01 3.000000000000000000e+00 6.000000000000000000e+00 1.465700000000000447e+00
5.420864462092772618e-01 1.000000000000000000e+00 8.000000000000000000e+00 2.159000000000001585e+00
4.787324637911738456e-01 3.000000000000000000e+00 9.000000000000000000e+00 1.698699999999999655e+00
3.832200999836573030e-01 3.000000000000000000e+00 8.000000000000000000e+00 2.471099999999999852e+00
7.110063937676175394e-02 7.000000000000000000e+00 1.900000000000000000e+01 3.129800000000003912e+00
4.946553771562050422e-02 1.100000000000000000e+01 2.100000000000000000e+01 5.360000000000980647e-02
1.383416906692029880e-01 6.000000000000000000e+00 1.200000000000000000e+01 2.291440000000001920e+00
4.787884431122125251e-01 2.000000000000000000e+00 1.000000000000000000e+00 5.155000000000000693e-01
3.681328015223761518e-01 0.000000000000000000e+00 8.000000000000000000e+00 2.810679999999999623e+00
3.607072424676153743e-01 0.000000000000000000e+00 9.000000000000000000e+00 3.813580000000002634e+00
2.777489133443069025e-01 3.000000000000000000e+00 1.200000000000000000e+01 4.023700000000004273e+00
4.987491654975609867e-01 0.000000000000000000e+00 1.000000000000000000e+00 8.940999999999998948e-01
5.163288713332986335e-01 1.000000000000000000e+00 0.000000000000000000e+00 7.871999999999998998e-01
6.731432607352004771e-01 0.000000000000000000e+00 2.000000000000000000e+00 2.672400000000000553e+00
4.739719611862986404e-01 0.000000000000000000e+00 0.000000000000000000e+00 1.220700000000000118e+00
3.400236056078302371e-01 0.000000000000000000e+00 1.000000000000000000e+01 3.584480000000002775e+00
7.733612497215704984e-01 2.000000000000000000e+00 2.000000000000000000e+00 2.018000000000000349e-01
4.421427639585916447e-01 3.000000000000000000e+00 7.000000000000000000e+00 -7.975999999999985324e-01
2.833085715014825312e-01 2.000000000000000000e+00 1.000000000000000000e+01 1.662019999999999165e+00
5.797157471133115303e-01 1.000000000000000000e+00 5.000000000000000000e+00 1.112700000000000022e+00
3.184364925418460834e-01 1.000000000000000000e+00 8.000000000000000000e+00 4.037720000000002862e+00
1.801404600910918308e-01 2.000000000000000000e+00 1.600000000000000000e+01 3.450700000000002099e+00
3.274220781029559268e-01 3.000000000000000000e+00 1.100000000000000000e+01 2.975700000000001566e+00
3.369547071646619707e-01 3.000000000000000000e+00 1.000000000000000000e+01 2.951700000000002433e+00
2.696703408088702569e-01 3.000000000000000000e+00 1.200000000000000000e+01 3.748500000000003496e+00
2.546140705661954495e-01 4.000000000000000000e+00 1.100000000000000000e+01 3.859900000000002329e+00
4.962747895318066482e-01 3.000000000000000000e+00 7.000000000000000000e+00 4.047300000000004339e+00
4.269813329553429071e-01 5.000000000000000000e+00 5.000000000000000000e+00 2.739100000000000534e+00
8.016505820392625381e-01 3.000000000000000000e+00 3.000000000000000000e+00 1.534600000000000186e+00
2.131314822985315161e-01 7.000000000000000000e+00 1.000000000000000000e+01 -7.310999999999974186e-01
8.229096892671589059e-01 2.000000000000000000e+00 1.000000000000000000e+00 2.804300000000001347e+00
1.101761076114950583e-01 1.000000000000000000e+01 1.000000000000000000e+01 1.119800000000001683e+00
7.000964278997479084e-01 1.000000000000000000e+00 1.000000000000000000e+00 2.793300000000001226e+00
8.011599486570624151e-01 1.000000000000000000e+00 1.000000000000000000e+00 3.178800000000001624e+00
8.220901729914653622e-01 2.000000000000000000e+00 1.000000000000000000e+00 1.554499999999999993e+00
7.160243722270274169e-01 0.000000000000000000e+00 1.000000000000000000e+00 2.101099999999999746e+00
6.601404225895416422e-01 0.000000000000000000e+00 0.000000000000000000e+00 1.909200000000000008e+00
4.703300603695735327e-01 4.000000000000000000e+00 6.000000000000000000e+00 -1.808099999999996044e+00
5.005308756296322770e-01 5.000000000000000000e+00 1.000000000000000000e+00 1.186299999999999466e+00
4.761460655169446055e-01 1.000000000000000000e+00 1.000000000000000000e+01 4.940820000000004875e+00
4.470355681270343218e-01 1.000000000000000000e+00 1.000000000000000000e+01 5.249240000000004791e+00
6.661673420799540946e-01 2.000000000000000000e+00 5.000000000000000000e+00 4.964800000000002989e+00
6.289061542065444987e-01 3.000000000000000000e+00 5.000000000000000000e+00 4.044100000000002026e+00
6.953498034572527242e-01 1.000000000000000000e+00 5.000000000000000000e+00 4.445300000000003138e+00
6.697790268175457529e-01 1.000000000000000000e+00 7.000000000000000000e+00 2.736200000000000188e+00
5.446557028948312285e-01 1.000000000000000000e+00 6.000000000000000000e+00 2.597200000000000841e+00
5.074275884750336640e-01 1.000000000000000000e+00 7.000000000000000000e+00 2.526100000000000456e+00
4.710516155998249466e-01 1.000000000000000000e+00 8.000000000000000000e+00 2.916200000000000792e+00
4.792584607387732065e-01 1.000000000000000000e+00 7.000000000000000000e+00 3.477200000000001623e+00
8.639790776334160816e-01 1.000000000000000000e+00 2.000000000000000000e+00 3.156900000000001150e+00
5.649178764789871687e-01 1.000000000000000000e+00 0.000000000000000000e+00 3.993199999999998417e-01
3.778434757465771732e-01 2.000000000000000000e+00 7.000000000000000000e+00 3.703420000000002155e+00
4.219958386868299938e-01 1.000000000000000000e+00 1.000000000000000000e+00 -3.422999999999999932e-01
6.781016736351199725e-01 1.000000000000000000e+00 2.000000000000000000e+00 1.568899999999999961e+00
4.384536328342703571e-01 4.000000000000000000e+00 6.000000000000000000e+00 -1.318699999999999539e+00
3.129614743422581835e-01 7.000000000000000000e+00 3.000000000000000000e+00 3.809999999999974518e-02
4.388711477830504748e-01 3.000000000000000000e+00 1.000000000000000000e+00 5.899999999999996358e-01
8.571565291687986976e-01 1.000000000000000000e+00 2.000000000000000000e+00 2.897800000000001042e+00
4.896090461860640453e-01 2.000000000000000000e+00 1.200000000000000000e+01 9.569999999999995177e-01
2.788524929202732539e-01 3.000000000000000000e+00 9.000000000000000000e+00 2.997600000000002929e+00
1.768462967609678305e-01 4.000000000000000000e+00 1.400000000000000000e+01 2.589200000000002611e+00
4.338979908700530408e-01 2.000000000000000000e+00 6.000000000000000000e+00 4.101320000000002075e+00
6.595405010898259812e-01 3.000000000000000000e+00 7.000000000000000000e+00 3.618000000000002103e+00
4.050153954234563258e-01 4.000000000000000000e+00 6.000000000000000000e+00 -2.330699999999997996e+00
9.038746550553838910e-02 9.000000000000000000e+00 1.600000000000000000e+01 -3.697600000000000442e+00
3.051291560965145866e-01 5.000000000000000000e+00 4.000000000000000000e+00 1.028899999999999704e+00
6.043303624953277886e-01 1.000000000000000000e+00 7.000000000000000000e+00 4.388400000000003409e+00
4.428452744049379830e-01 3.000000000000000000e+00 1.100000000000000000e+01 4.880700000000004479e+00
6.066941801137900603e-01 3.000000000000000000e+00 2.000000000000000000e+00 2.232000000000000206e+00
6.310057381093086004e-01 3.000000000000000000e+00 3.000000000000000000e+00 1.906899999999999373e+00
4.578681243370572584e-01 0.000000000000000000e+00 8.000000000000000000e+00 3.118400000000000283e+00
5.941437334358039557e-01 1.000000000000000000e+00 7.000000000000000000e+00 2.591900000000000759e+00
6.269135868966655423e-01 1.000000000000000000e+00 6.000000000000000000e+00 3.259300000000000530e+00
6.158233402301362958e-01 1.000000000000000000e+00 6.000000000000000000e+00 3.481800000000002449e+00
8.679241869999293479e-01 1.000000000000000000e+00 4.000000000000000000e+00 1.654999999999999583e+00
7.602599269671700410e-02 8.000000000000000000e+00 2.300000000000000000e+01 8.707000000000060247e-01
1.549410466105430317e-01 1.000000000000000000e+00 1.000000000000000000e+01 5.950400000000006351e+00
5.706831499634680283e-01 1.000000000000000000e+00 8.000000000000000000e+00 3.211700000000001332e+00
6.768622802504394853e-01 3.000000000000000000e+00 3.000000000000000000e+00 2.594000000000000306e+00
7.582092940796039682e-02 4.000000000000000000e+00 1.400000000000000000e+01 5.663900000000007040e+00
7.571556004572340681e-01 2.000000000000000000e+00 3.000000000000000000e+00 1.041500000000000092e+00
