5.270271299969156997e-01 1.000000000000000000e+00 9.000000000000000000e+00 5.403200000000004444e+00
7.885515763199019146e-01 0.000000000000000000e+00 5.000000000000000000e+00 3.787800000000002498e+00
3.727855551576050863e-01 0.000000000000000000e+00 0.000000000000000000e+00 1.026200000000000001e+00
7.313315550345931282e-01 2.000000000000000000e+00 5.000000000000000000e+00 3.458800000000001873e+00
7.022005639346493577e-01 1.000000000000000000e+00 3.000000000000000000e+00 4.780900000000005257e+00
5.116814593202917427e-01 1.000000000000000000e+00 8.000000000000000000e+00 4.882800000000004026e+00
4.588512617255866566e-01 3.000000000000000000e+00 6.000000000000000000e+00 2.603699999999999903e+00
4.767730735968752076e-01 3.000000000000000000e+00 8.000000000000000000e+00 8.699999999999987743e-01
3.928359936084499515e-01 2.000000000000000000e+00 9.000000000000000000e+00 5.739800000000004232e+00
5.579795495911108461e-01 2.000000000000000000e+00 6.000000000000000000e+00 1.801279999999998882e+00
1.783621552330706406e-01 4.000000000000000000e+00 7.000000000000000000e+00 6.900200000000007883e+00
5.291564475607598572e-01 2.000000000000000000e+00 6.000000000000000000e+00 2.579200000000000159e+00
4.767309881529168680e-01 1.000000000000000000e+00 3.000000000000000000e+00 3.729970000000002450e+00
5.875529782491347719e-01 2.000000000000000000e+00 6.000000000000000000e+00 2.892019999999999591e+00
5.712695052789642514e-01 2.000000000000000000e+00 8.000000000000000000e+00 3.899920000000002496e+00
7.917448789577108403e-01 1.000000000000000000e+00 6.000000000000000000e+00 3.937820000000002096e+00
4.953823836004069836e-01 2.000000000000000000e+00 9.000000000000000000e+00 3.629420000000002311e+00
4.216186714487748510e-01 3.000000000000000000e+00 7.000000000000000000e+00 2.996800000000001241e+00
2.422243408413281562e-01 4.000000000000000000e+00 8.000000000000000000e+00 8.294699999999999296e-01
3.136955624076702698e-01 3.000000000000000000e+00 1.400000000000000000e+01 3.315300000000001468e+00
5.702328263213383153e-01 1.000000000000000000e+00 3.000000000000000000e+00 5.006200000000003314e+00
6.886159472483515120e-01 1.000000000000000000e+00 4.000000000000000000e+00 2.495820000000000149e+00
5.384628262372215257e-01 0.000000000000000000e+00 0.000000000000000000e+00 -1.029300000000000104e+00
2.185917622394334403e-01 0.000000000000000000e+00 9.000000000000000000e+00 5.811400000000005228e+00
4.623454850958439444e-01 2.000000000000000000e+00 6.000000000000000000e+00 5.690420000000004030e+00
5.867441988589208179e-01 1.000000000000000000e+00 7.000000000000000000e+00 4.777400000000003644e+00
8.111197147209138203e-01 3.000000000000000000e+00 4.000000000000000000e+00 2.523400000000000531e+00
3.413059210334570825e-01 3.000000000000000000e+00 1.000000000000000000e+01 5.510500000000005727e+00
6.169820054457419989e-01 1.000000000000000000e+00 8.000000000000000000e+00 5.075100000000003497e+00
6.384251310064116280e-01 3.000000000000000000e+00 3.000000000000000000e+00 3.763000000000001677e+00
3.087842866419347465e-01 2.000000000000000000e+00 7.000000000000000000e+00 5.986420000000005182e+00
2.087387007342161871e-01 3.000000000000000000e+00 1.500000000000000000e+01 2.824920000000001430e+00
7.196242008644196941e-01 2.000000000000000000e+00 2.000000000000000000e+00 2.815200000000000813e+00
2.108892242562835084e-01 5.000000000000000000e+00 1.100000000000000000e+01 3.632300000000001639e+00
6.850778093160972970e-01 1.000000000000000000e+00 4.000000000000000000e+00 2.456299999999999706e+00
7.971860335919993545e-01 1.000000000000000000e+00 3.000000000000000000e+00 3.640600000000001835e+00
7.863530388905057844e-01 1.000000000000000000e+00 5.000000000000000000e+00 2.985180000000000611e+00
5.018114678758247571e-01 4.000000000000000000e+00 5.000000000000000000e+00 2.192069999999999297e+00
6.636180894169187994e-01 2.000000000000000000e+00 6.000000000000000000e+00 3.731840000000002711e+00
3.969489405129480453e-01 2.000000000000000000e+00 8.000000000000000000e+00 6.445800000000008190e+00
6.192081845073194035e-01 0.000000000000000000e+00 4.000000000000000000e+00 5.885600000000004606e+00
6.222713272119354544e-01 1.000000000000000000e+00 7.000000000000000000e+00 3.957500000000003126e+00
5.406836414671590818e-01 4.000000000000000000e+00 5.000000000000000000e+00 2.069099999999999717e+00
4.070367002599328821e-01 2.000000000000000000e+00 8.000000000000000000e+00 5.413220000000004362e+00
2.864642072290693453e-01 2.000000000000000000e+00 1.000000000000000000e+01 6.583520000000007144e+00
1.366852668379993641e-01 1.000000000000000000e+00 1.200000000000000000e+01 8.976620000000002264e+00
7.625411491880480508e-01 1.000000000000000000e+00 4.000000000000000000e+00 1.843179999999999374e+00
7.044120595543940100e-01 1.000000000000000000e+00 2.000000000000000000e+00 3.004999999999994897e-01
7.478791140468301624e-01 0.000000000000000000e+00 1.000000000000000000e+00 3.253000000000001890e+00
6.943616403938634996e-01 0.000000000000000000e+00 7.000000000000000000e+00 3.647220000000002571e+00
6.568928038534992409e-01 1.000000000000000000e+00 6.000000000000000000e+00 4.443800000000003081e+00
5.624722357827982577e-01 1.000000000000000000e+00 0.000000000000000000e+00 -1.039700000000000513e+00
8.514974033587761060e-01 1.000000000000000000e+00 7.000000000000000000e+00 3.296480000000001631e+00
6.860684606643168149e-01 0.000000000000000000e+00 3.000000000000000000e+00 3.130100000000001437e+00
5.018618146684983294e-01 2.000000000000000000e+00 9.000000000000000000e+00 3.728000000000002423e+00
5.214253605468776032e-01 1.000000000000000000e+00 8.000000000000000000e+00 5.428720000000005541e+00
4.405432502465815303e-01 2.000000000000000000e+00 8.000000000000000000e+00 4.550800000000003287e+00
8.166750009744638827e-01 2.000000000000000000e+00 2.000000000000000000e+00 1.938000000000000167e+00
8.974790201030991010e-01 1.000000000000000000e+00 2.000000000000000000e+00 3.855840000000002377e+00
5.510646366687088626e-01 1.000000000000000000e+00 3.000000000000000000e+00 3.539800000000002278e+00
6.348931197981773078e-01 1.000000000000000000e+00 2.000000000000000000e+00 1.811099999999999932e+00
8.077611850707170360e-01 0.000000000000000000e+00 3.000000000000000000e+00 3.673900000000002386e+00
6.473229940152034345e-01 2.000000000000000000e+00 3.000000000000000000e+00 2.051780000000000381e+00
6.067418931766179746e-01 3.000000000000000000e+00 4.000000000000000000e+00 1.619399999999999507e+00
7.265621787893097316e-01 1.000000000000000000e+00 4.000000000000000000e+00 1.784599999999999742e+00
7.312289576743857822e-01 1.000000000000000000e+00 3.000000000000000000e+00 3.815100000000001934e+00
8.807285394160606629e-01 2.000000000000000000e+00 4.000000000000000000e+00 4.364100000000001423e+00
2.798978069042423189e-01 3.000000000000000000e+00 9.000000000000000000e+00 3.213500000000001577e+00
8.445712183265352557e-01 2.000000000000000000e+00 6.000000000000000000e+00 1.321199999999999708e+00
5.446312438247837839e-01 1.000000000000000000e+00 3.000000000000000000e+00 5.301700000000002966e+00
4.170393043579198600e-01 2.000000000000000000e+00 6.000000000000000000e+00 4.443620000000003678e+00
6.887813871003827249e-01 1.000000000000000000e+00 1.000000000000000000e+00 5.398600000000005394e+00
8.015425265023424783e-01 2.000000000000000000e+00 4.000000000000000000e+00 3.315600000000001657e+00
6.103323221697953826e-01 1.000000000000000000e+00 4.000000000000000000e+00 3.938800000000002299e+00
6.146938286254062245e-01 1.000000000000000000e+00 4.000000000000000000e+00 3.876120000000002008e+00
7.270703389466616207e-01 3.000000000000000000e+00 5.000000000000000000e+00 2.505100000000001437e+00
5.981616815314103608e-01 3.000000000000000000e+00 7.000000000000000000e+00 2.078119999999999301e+00
4.445824644036089901e-01 3.000000000000000000e+00 6.000000000000000000e+00 3.031700000000000728e+00
3.393001368722834976e-01 1.000000000000000000e+00 1.100000000000000000e+01 5.313640000000004804e+00
7.338198115225301743e-01 0.000000000000000000e+00 6.000000000000000000e+00 3.406820000000002402e+00
7.452129480793568961e-01 2.000000000000000000e+00 4.000000000000000000e+00 6.958999999999999631e-01
2.935271098419806046e-01 5.000000000000000000e+00 8.000000000000000000e+00 1.626099999999999435e+00
7.918053413291344933e-01 0.000000000000000000e+00 4.000000000000000000e+00 4.894400000000003637e+00
3.935993292770261220e-01 1.000000000000000000e+00 4.000000000000000000e+00 4.456020000000003201e+00
7.539156450838604417e-01 1.000000000000000000e+00 2.000000000000000000e+00 3.487100000000001643e+00
4.551591876631269074e-01 2.000000000000000000e+00 0.000000000000000000e+00 9.381699999999995043e-01
3.270413605404358104e-01 2.000000000000000000e+00 9.000000000000000000e+00 6.193420000000005921e+00
2.628234200956571232e-01 4.000000000000000000e+00 1.100000000000000000e+01 2.866900000000001558e+00
8.785648799363963146e-01 1.000000000000000000e+00 6.000000000000000000e+00 3.941280000000002559e+00
3.126255009454902978e-01 0.000000000000000000e+00 4.000000000000000000e+00 6.233600000000004471e+00
2.615079923508568660e-01 1.000000000000000000e+00 5.000000000000000000e+00 7.461200000000006938e+00
7.102726632923977990e-01 1.000000000000000000e+00 6.000000000000000000e+00 2.719680000000000319e+00
6.030630265165790593e-01 2.000000000000000000e+00 7.000000000000000000e+00 3.090980000000000949e+00
6.028664374905170487e-01 2.000000000000000000e+00 3.000000000000000000e+00 3.671800000000001951e+00
3.643525773210968821e-01 3.000000000000000000e+00 8.000000000000000000e+00 4.479800000000003557e+00
8.664248111875842984e-01 1.000000000000000000e+00 6.000000000000000000e+00 4.045300000000002782e+00
6.586206200528813559e-01 2.000000000000000000e+00 6.000000000000000000e+00 1.263779999999999681e+00
6.066066567316039659e-01 1.000000000000000000e+00 3.000000000000000000e+00 4.176500000000001656e+00
8.650313700391321081e-01 1.000000000000000000e+00 2.000000000000000000e+00 2.987300000000001177e+00
7.280085381147323176e-01 0.000000000000000000e+00 2.000000000000000000e+00 3.128520000000001744e+00
5.445798615982189173e-01 1.000000000000000000e+00 8.000000000000000000e+00 5.216600000000005899e+00
5.042031477298718478e-01 0.000000000000000000e+00 0.000000000000000000e+00 2.394900000000000695e+00
8.400316005559811394e-01 1.000000000000000000e+00 6.000000000000000000e+00 3.403100000000001124e+00
7.973633816844286626e-01 1.000000000000000000e+00 4.000000000000000000e+00 2.909200000000000230e+00
6.851425387768039776e-01 3.000000000000000000e+00 2.000000000000000000e+00 1.803600000000000092e+00
7.647015137770610815e-01 1.000000000000000000e+00 3.000000000000000000e+00 -3.254999999999996785e-01
8.747398264671755186e-01 1.000000000000000000e+00 2.000000000000000000e+00 1.543999999999999817e+00
6.718919402305560951e-01 1.000000000000000000e+00 5.000000000000000000e+00 2.356420000000000847e+00
8.077289785789764087e-01 0.000000000000000000e+00 4.000000000000000000e+00 2.356300000000000061e+00
8.922608402575030739e-01 2.000000000000000000e+00 2.000000000000000000e+00 3.181740000000000457e+00
4.701697526686685613e-01 2.000000000000000000e+00 7.000000000000000000e+00 2.278500000000000636e+00
5.830459262462236447e-01 4.000000000000000000e+00 7.000000000000000000e+00 2.376000000000000334e+00
7.054068782946203431e-01 2.000000000000000000e+00 4.000000000000000000e+00 3.351900000000001434e+00
7.161808644494797038e-01 2.000000000000000000e+00 4.000000000000000000e+00 3.778120000000001255e+00
5.977357659937434509e-01 1.000000000000000000e+00 4.000000000000000000e+00 4.312420000000003029e+00
6.363741193724554712e-01 2.000000000000000000e+00 6.000000000000000000e+00 4.970340000000004643e+00
9.313696362636116888e-01 1.000000000000000000e+00 3.000000000000000000e+00 2.437219999999999942e+00
2.184252157643340742e-01 5.000000000000000000e+00 1.100000000000000000e+01 2.888200000000001211e+00
7.595295574164946384e-01 1.000000000000000000e+00 2.000000000000000000e+00 3.548600000000001309e+00
3.458469451163846964e-01 1.000000000000000000e+00 8.000000000000000000e+00 5.122900000000004894e+00
7.080583492223407882e-01 0.000000000000000000e+00 5.000000000000000000e+00 2.658640000000000114e+00
2.586188273304654284e-01 5.000000000000000000e+00 1.300000000000000000e+01 2.873800000000001020e+00
7.147443619914222168e-01 1.000000000000000000e+00 7.000000000000000000e+00 2.698400000000001242e+00
5.471393533951471877e-01 2.000000000000000000e+00 7.000000000000000000e+00 2.300100000000000477e+00
4.346414699666815706e-01 3.000000000000000000e+00 6.000000000000000000e+00 8.484000000000011532e-01
8.299677542138635955e-01 1.000000000000000000e+00 3.000000000000000000e+00 3.826400000000003132e+00
7.564462565837062336e-01 0.000000000000000000e+00 3.000000000000000000e+00 4.858400000000004937e+00
8.584769034260421039e-01 1.000000000000000000e+00 3.000000000000000000e+00 4.334400000000003139e+00
4.281577367405619561e-01 2.000000000000000000e+00 8.000000000000000000e+00 4.635420000000003427e+00
8.705249450646536102e-01 2.000000000000000000e+00 3.000000000000000000e+00 2.083400000000000141e+00
7.083635802993634156e-01 1.000000000000000000e+00 7.000000000000000000e+00 2.449000000000000732e+00
8.528036890699656203e-01 1.000000000000000000e+00 4.000000000000000000e+00 3.105700000000001459e+00
7.846896255721665936e-01 0.000000000000000000e+00 2.000000000000000000e+00 1.550419999999999909e+00
6.158991705318288545e-01 2.000000000000000000e+00 6.000000000000000000e+00 2.245320000000000427e+00
3.770726501700329414e-01 2.000000000000000000e+00 6.000000000000000000e+00 6.059900000000006060e+00
6.297247321820317323e-01 3.000000000000000000e+00 2.000000000000000000e+00 4.669400000000003104e+00
6.893709827759431086e-01 0.000000000000000000e+00 1.000000000000000000e+00 3.580120000000001745e+00
2.217456106172563945e-01 5.000000000000000000e+00 1.300000000000000000e+01 3.892600000000002503e+00
6.867218022548148282e-01 1.000000000000000000e+00 7.000000000000000000e+00 2.675300000000000900e+00
2.770877056469200905e-01 1.000000000000000000e+00 8.000000000000000000e+00 5.943140000000006751e+00
6.273492760718252237e-01 1.000000000000000000e+00 5.000000000000000000e+00 4.756400000000002848e+00
7.997742654807742380e-01 1.000000000000000000e+00 3.000000000000000000e+00 3.557200000000001694e+00
6.006905061472703755e-01 1.000000000000000000e+00 7.000000000000000000e+00 3.708600000000002339e+00
7.909853075121280330e-01 2.000000000000000000e+00 6.000000000000000000e+00 5.024999999999997247e-01
5.666733187628186785e-01 1.000000000000000000e+00 1.000000000000000000e+00 1.701199999999999823e+00
2.432635231507271900e-01 0.000000000000000000e+00 7.000000000000000000e+00 5.549100000000005473e+00
6.816110954453928894e-01 2.000000000000000000e+00 3.000000000000000000e+00 6.279000000000001247e-01
6.265558693074325669e-01 0.000000000000000000e+00 7.000000000000000000e+00 3.415100000000001579e+00
2.725371784423210042e-01 1.000000000000000000e+00 9.000000000000000000e+00 4.666800000000004722e+00
8.758150365759885814e-01 1.000000000000000000e+00 5.000000000000000000e+00 2.361900000000000333e+00
7.461736235697171704e-01 1.000000000000000000e+00 2.000000000000000000e+00 1.800379999999999647e+00
7.873376788406838411e-01 1.000000000000000000e+00 5.000000000000000000e+00 2.965200000000001168e+00
7.211138705529296367e-01 1.000000000000000000e+00 4.000000000000000000e+00 2.693700000000000649e+00
8.001222420891722642e-01 1.000000000000000000e+00 0.000000000000000000e+00 3.722700000000002341e+00
5.356117772546229450e-01 3.000000000000000000e+00 3.000000000000000000e+00 1.995299999999999629e+00
5.211928530411642502e-01 1.000000000000000000e+00 4.000000000000000000e+00 3.291220000000000923e+00
2.790326150305901254e-01 2.000000000000000000e+00 9.000000000000000000e+00 5.042900000000004823e+00
5.178288571190732270e-01 0.000000000000000000e+00 5.000000000000000000e+00 2.852400000000001157e+00
8.327124144827058316e-01 2.000000000000000000e+00 4.000000000000000000e+00 3.243300000000000516e+00
4.975852641991758141e-01 3.000000000000000000e+00 8.000000000000000000e+00 4.518100000000003114e+00
7.859878007267230293e-01 1.000000000000000000e+00 4.000000000000000000e+00 2.318679999999999630e+00
7.214224440887169187e-01 1.000000000000000000e+00 7.000000000000000000e+00 3.003200000000002312e+00
3.733202634421934896e-01 2.000000000000000000e+00 8.000000000000000000e+00 4.245000000000002771e+00
7.456305786662213997e-01 1.000000000000000000e+00 4.000000000000000000e+00 4.493620000000003500e+00
7.679211767666074273e-01 2.000000000000000000e+00 6.000000000000000000e+00 3.485040000000002358e+00
4.150908019488763756e-01 3.000000000000000000e+00 7.000000000000000000e+00 3.137780000000001568e+00
7.699706983706030572e-01 1.000000000000000000e+00 4.000000000000000000e+00 2.992400000000000837e+00
4.428452744049379830e-01 3.000000000000000000e+00 1.100000000000000000e+01 4.880700000000004479e+00
5.526736094592902271e-01 0.000000000000000000e+00 3.000000000000000000e+00 4.452900000000003189e+00
6.486718809813875053e-01 2.000000000000000000e+00 6.000000000000000000e+00 3.428140000000002630e+00
8.680459759098326789e-01 0.000000000000000000e+00 4.000000000000000000e+00 2.193100000000000271e+00
4.734930496002884293e-01 2.000000000000000000e+00 8.000000000000000000e+00 4.456500000000003681e+00
1.963344171903590452e-01 0.000000000000000000e+00 9.000000000000000000e+00 6.530700000000006611e+00
7.916453362348699896e-01 0.000000000000000000e+00 1.000000000000000000e+00 3.153800000000002157e+00
3.338068861531347520e-01 3.000000000000000000e+00 1.300000000000000000e+01 2.903800000000001269e+00
5.744751729514461225e-01 1.000000000000000000e+00 8.000000000000000000e+00 4.914420000000004229e+00
7.993674496203518887e-01 0.000000000000000000e+00 1.000000000000000000e+00 2.534900000000000375e+00
7.739499015320776554e-01 2.000000000000000000e+00 3.000000000000000000e+00 1.878599999999999381e+00
5.295102330335171859e-01 2.000000000000000000e+00 7.000000000000000000e+00 4.664340000000004594e+00
5.522940902581009448e-01 2.000000000000000000e+00 5.000000000000000000e+00 3.734400000000001718e+00
5.955389844591757464e-01 2.000000000000000000e+00 6.000000000000000000e+00 3.198740000000001693e+00
8.476978945833689716e-01 2.000000000000000000e+00 1.000000000000000000e+00 3.101300000000001500e+00
4.266127801770170369e-01 1.000000000000000000e+00 7.000000000000000000e+00 6.533000000000004803e+00
5.307175981437106671e-01 1.000000000000000000e+00 3.000000000000000000e+00 3.072700000000001097e+00
5.950261967780848815e-01 2.000000000000000000e+00 1.000000000000000000e+00 1.350599999999999801e+00
9.084929504991409166e-01 1.000000000000000000e+00 5.000000000000000000e+00 3.723200000000002063e+00
4.517920687997295515e-01 0.000000000000000000e+00 7.000000000000000000e+00 4.782600000000004847e+00
5.819360012964275297e-01 1.000000000000000000e+00 7.000000000000000000e+00 1.825499999999999234e+00
7.928094140981295501e-01 0.000000000000000000e+00 2.000000000000000000e+00 3.959800000000002207e+00
5.401873354989504827e-01 1.000000000000000000e+00 8.000000000000000000e+00 4.910300000000004772e+00
7.328090954055055395e-01 1.000000000000000000e+00 0.000000000000000000e+00 4.073100000000001053e+00
4.024010461375048253e-01 2.000000000000000000e+00 8.000000000000000000e+00 4.562600000000004208e+00
6.735760490733903039e-01 1.000000000000000000e+00 5.000000000000000000e+00 2.423800000000000843e+00
6.803193095708988114e-01 1.000000000000000000e+00 4.000000000000000000e+00 3.496200000000001751e+00
8.384623265941306691e-01 0.000000000000000000e+00 4.000000000000000000e+00 3.875000000000002665e+00
6.260097533892823307e-01 1.000000000000000000e+00 3.000000000000000000e+00 4.224300000000002164e+00
5.751649430894352211e-01 0.000000000000000000e+00 4.000000000000000000e+00 3.446300000000001695e+00
3.796862457034650973e-01 3.000000000000000000e+00 8.000000000000000000e+00 3.660600000000002296e+00
5.774884301595453184e-01 3.000000000000000000e+00 5.000000000000000000e+00 3.365200000000001523e+00
8.234842482068295277e-01 2.000000000000000000e+00 5.000000000000000000e+00 3.864220000000002209e+00
3.699823256347437028e-01 3.000000000000000000e+00 1.300000000000000000e+01 3.505600000000002936e+00
4.882471812012685874e-01 1.000000000000000000e+00 5.000000000000000000e+00 2.565700000000000536e+00
4.150850348673340018e-01 3.000000000000000000e+00 7.000000000000000000e+00 3.421800000000001063e+00
4.602461813450366424e-01 1.000000000000000000e+00 7.000000000000000000e+00 4.317700000000003868e+00
7.771009851060198814e-01 2.000000000000000000e+00 3.000000000000000000e+00 3.431400000000001782e+00
3.043612043102547071e-01 5.000000000000000000e+00 1.000000000000000000e+00 -1.082329999999999792e+00
6.618580825137935220e-01 1.000000000000000000e+00 8.000000000000000000e+00 3.088500000000001577e+00
7.197537478153053225e-01 0.000000000000000000e+00 3.000000000000000000e+00 4.247200000000002973e+00
7.740537786642270879e-01 2.000000000000000000e+00 3.000000000000000000e+00 2.870400000000001395e+00
4.068174003071459155e-01 2.000000000000000000e+00 5.000000000000000000e+00 4.892200000000003435e+00
4.212060680739190266e-01 2.000000000000000000e+00 8.000000000000000000e+00 4.908000000000001251e-01
8.008194430489943283e-01 2.000000000000000000e+00 5.000000000000000000e+00 1.783020000000000049e+00
6.273387275358367487e-01 0.000000000000000000e+00 4.000000000000000000e+00 3.526400000000002422e+00
3.558117837666598948e-01 2.000000000000000000e+00 6.000000000000000000e+00 5.764620000000004296e+00
7.895796046593563933e-01 1.000000000000000000e+00 4.000000000000000000e+00 2.864600000000001145e+00
5.737360570918639269e-01 2.000000000000000000e+00 8.000000000000000000e+00 3.294920000000001181e+00
6.807975728957815775e-01 1.000000000000000000e+00 8.000000000000000000e+00 2.451000000000000512e+00
7.365601730333629638e-01 1.000000000000000000e+00 6.000000000000000000e+00 3.019560000000001132e+00
9.154156354725940803e-01 1.000000000000000000e+00 3.000000000000000000e+00 1.040699999999999736e+00
6.512093777839974562e-01 2.000000000000000000e+00 5.000000000000000000e+00 2.381599999999999717e+00
2.548780809715469609e-01 4.000000000000000000e+00 1.400000000000000000e+01 2.716820000000002011e+00
8.721299909048751964e-01 1.000000000000000000e+00 5.000000000000000000e+00 4.052780000000002936e+00
5.205664190633212396e-01 1.000000000000000000e+00 7.000000000000000000e+00 3.354500000000001592e+00
2.719958064401143960e-01 4.000000000000000000e+00 8.000000000000000000e+00 3.403100000000001124e+00
4.844718013170394300e-01 1.000000000000000000e+00 8.000000000000000000e+00 3.356100000000002304e+00
4.651305195480546217e-01 3.000000000000000000e+00 6.000000000000000000e+00 1.611999999999999655e+00
7.510480738263606293e-01 1.000000000000000000e+00 7.000000000000000000e+00 3.632600000000002716e+00
6.146517161283981956e-01 0.000000000000000000e+00 5.000000000000000000e+00 4.216640000000002608e+00
6.215676476285340035e-01 2.000000000000000000e+00 2.000000000000000000e+00 2.732199999999999740e+00
3.548123350784603836e-01 3.000000000000000000e+00 1.300000000000000000e+01 4.659300000000004438e+00
5.525349937837030767e-01 2.000000000000000000e+00 1.100000000000000000e+01 1.982899999999999663e+00
7.480894546768009912e-01 1.000000000000000000e+00 6.000000000000000000e+00 3.895900000000002805e+00
3.082351308557434444e-01 4.000000000000000000e+00 1.200000000000000000e+01 2.025999999999999801e+00
7.505518362057357340e-01 1.000000000000000000e+00 6.000000000000000000e+00 3.247020000000001794e+00
7.299894006181849582e-01 2.000000000000000000e+00 1.000000000000000000e+00 1.333799999999999875e+00
9.108229912132475015e-01 1.000000000000000000e+00 2.000000000000000000e+00 3.254120000000001234e+00
7.546211739908535998e-01 2.000000000000000000e+00 4.000000000000000000e+00 3.852400000000002933e+00
7.023951954740939030e-01 0.000000000000000000e+00 3.000000000000000000e+00 2.687700000000000422e+00
8.607824582304970384e-01 2.000000000000000000e+00 2.000000000000000000e+00 3.035600000000000964e+00
7.542966545666217604e-01 2.000000000000000000e+00 4.000000000000000000e+00 4.205520000000002590e+00
5.500495675470342682e-01 0.000000000000000000e+00 5.000000000000000000e+00 5.446400000000005903e+00
7.342296115534324707e-01 1.000000000000000000e+00 0.000000000000000000e+00 3.879200000000003090e+00
7.741259081779066076e-01 1.000000000000000000e+00 3.000000000000000000e+00 3.395900000000001917e+00
6.548850850710069560e-01 0.000000000000000000e+00 1.000000000000000000e+00 4.324220000000002173e+00
5.371403208781647676e-01 1.000000000000000000e+00 7.000000000000000000e+00 2.966000000000001080e+00
8.197353914743168435e-01 1.000000000000000000e+00 3.000000000000000000e+00 1.812800000000000189e+00
4.090709280478972976e-01 3.000000000000000000e+00 6.000000000000000000e+00 9.089999999999998082e-01
5.232685974667944384e-01 0.000000000000000000e+00 8.000000000000000000e+00 3.840920000000003220e+00
5.349136833190145657e-01 3.000000000000000000e+00 0.000000000000000000e+00 4.343700000000002781e+00
6.062314490360670716e-01 2.000000000000000000e+00 5.000000000000000000e+00 4.422470000000003232e+00
6.019360756403105972e-01 2.000000000000000000e+00 7.000000000000000000e+00 4.385620000000003849e+00
5.481512301527466935e-01 1.000000000000000000e+00 3.000000000000000000e+00 6.149400000000005306e+00
4.944316269245907502e-01 2.000000000000000000e+00 1.000000000000000000e+01 4.161700000000002397e+00
6.142885836031696245e-01 2.000000000000000000e+00 6.000000000000000000e+00 3.214840000000001474e+00
4.220129704878816113e-01 2.000000000000000000e+00 6.000000000000000000e+00 5.859100000000005082e+00
8.043104042440588630e-01 1.000000000000000000e+00 4.000000000000000000e+00 1.642159999999999842e+00
7.397917045388907598e-01 1.000000000000000000e+00 2.000000000000000000e+00 4.761100000000001664e+00
8.028246011733919385e-01 2.000000000000000000e+00 4.000000000000000000e+00 2.520399999999999530e+00
7.924644131568731042e-01 1.000000000000000000e+00 4.000000000000000000e+00 2.890300000000001646e+00
3.807792078379110268e-01 2.000000000000000000e+00 8.000000000000000000e+00 5.354400000000003601e+00
6.932733327579151394e-01 2.000000000000000000e+00 6.000000000000000000e+00 3.101000000000001755e+00
6.024718945974376627e-01 1.000000000000000000e+00 6.000000000000000000e+00 4.639020000000003918e+00
1.066875488657963722e-01 4.000000000000000000e+00 1.000000000000000000e+01 7.795800000000008723e+00
6.844280382261074269e-01 2.000000000000000000e+00 5.000000000000000000e+00 3.160200000000001452e+00
5.980257885078599234e-01 2.000000000000000000e+00 6.000000000000000000e+00 5.179200000000004245e+00
4.154859562918747917e-01 2.000000000000000000e+00 8.000000000000000000e+00 4.702520000000003364e+00
6.181996922805278460e-01 2.000000000000000000e+00 6.000000000000000000e+00 2.733220000000000205e+00
2.432385920251650124e-01 1.000000000000000000e+00 7.000000000000000000e+00 7.264420000000006539e+00
4.731355122442207350e-01 1.000000000000000000e+00 4.000000000000000000e+00 4.162540000000001683e+00
5.834666077667459705e-01 2.000000000000000000e+00 6.000000000000000000e+00 4.290020000000003719e+00
4.290947772320901077e-01 1.000000000000000000e+00 6.000000000000000000e+00 5.517700000000004046e+00
8.516371541172785831e-01 1.000000000000000000e+00 4.000000000000000000e+00 3.532800000000002605e+00
5.170673972662831464e-01 2.000000000000000000e+00 5.000000000000000000e+00 3.131220000000000780e+00
7.504404659829240209e-01 2.000000000000000000e+00 2.000000000000000000e+00 8.181199999999997363e-01
7.337545004416304861e-01 2.000000000000000000e+00 3.000000000000000000e+00 3.215300000000000935e+00
7.813798514580345689e-01 0.000000000000000000e+00 2.000000000000000000e+00 4.455120000000003522e+00
2.308741630595977923e-01 2.000000000000000000e+00 1.600000000000000000e+01 6.350900000000006429e+00
7.724736613539013863e-01 1.000000000000000000e+00 4.000000000000000000e+00 3.067980000000001262e+00
5.530065405192663430e-01 2.000000000000000000e+00 6.000000000000000000e+00 5.403200000000005332e+00
3.301169036367792575e-01 4.000000000000000000e+00 1.200000000000000000e+01 2.605200000000000848e+00
7.550844098925956205e-01 0.000000000000000000e+00 5.000000000000000000e+00 4.788500000000004420e+00
6.812297882764860590e-01 0.000000000000000000e+00 2.000000000000000000e+00 2.191699999999999982e+00
7.315916457547718688e-01 3.000000000000000000e+00 6.000000000000000000e+00 1.905599999999999516e+00
4.454130269211328264e-01 3.000000000000000000e+00 1.000000000000000000e+01 4.105700000000003236e+00
5.534046105187581110e-01 1.000000000000000000e+00 7.000000000000000000e+00 1.610899999999999999e+00
6.702892555412297559e-01 2.000000000000000000e+00 1.000000000000000000e+00 1.866099999999999870e+00
8.424584892829000138e-01 0.000000000000000000e+00 4.000000000000000000e+00 3.917520000000003222e+00
4.449076482142685363e-01 3.000000000000000000e+00 6.000000000000000000e+00 2.076299999999999812e+00
6.134857671470832496e-01 3.000000000000000000e+00 6.000000000000000000e+00 1.786700000000001287e+00
7.252653657310503821e-01 1.000000000000000000e+00 6.000000000000000000e+00 4.164600000000003632e+00
5.110758217567548112e-01 3.000000000000000000e+00 8.000000000000000000e+00 1.556099999999999373e+00
6.803659374785814284e-01 2.000000000000000000e+00 5.000000000000000000e+00 2.200099999999999945e+00
7.161809175651211445e-01 1.000000000000000000e+00 5.000000000000000000e+00 3.897440000000003124e+00
6.837274348829220916e-01 1.000000000000000000e+00 1.000000000000000000e+00 1.681919999999999638e+00
4.996256473254701014e-01 1.000000000000000000e+00 6.000000000000000000e+00 5.952100000000005942e+00
7.211683374154543857e-01 1.000000000000000000e+00 2.000000000000000000e+00 4.046200000000002461e+00
7.147776220498824884e-01 1.000000000000000000e+00 4.000000000000000000e+00 1.890199999999999436e+00
8.861280901991864800e-01 2.000000000000000000e+00 4.000000000000000000e+00 3.416700000000001403e+00
6.732964745138318996e-01 0.000000000000000000e+00 1.000000000000000000e+00 4.222500000000001918e+00
8.509185766089855107e-01 1.000000000000000000e+00 2.000000000000000000e+00 2.923480000000000523e+00
2.200883826183025749e-01 4.000000000000000000e+00 9.000000000000000000e+00 6.254400000000003956e+00
2.059924723742034280e-01 4.000000000000000000e+00 1.500000000000000000e+01 2.275300000000001432e+00
5.791040828519021799e-01 0.000000000000000000e+00 5.000000000000000000e+00 3.023140000000001493e+00
1.161733722404602459e-01 4.000000000000000000e+00 1.000000000000000000e+01 5.722400000000009257e+00
7.476258148419597793e-01 1.000000000000000000e+00 4.000000000000000000e+00 3.609600000000003028e+00
6.184076879793080073e-01 1.000000000000000000e+00 0.000000000000000000e+00 1.916299999999999892e+00
8.791033427527865651e-01 2.000000000000000000e+00 4.000000000000000000e+00 1.292399999999999993e+00
1.467647063470181312e-01 6.000000000000000000e+00 1.100000000000000000e+01 4.282920000000001615e+00
6.073237750473808871e-01 2.000000000000000000e+00 6.000000000000000000e+00 4.044020000000003279e+00
5.805208039525383557e-01 1.000000000000000000e+00 7.000000000000000000e+00 5.380300000000005411e+00
6.890022165653164610e-01 2.000000000000000000e+00 4.000000000000000000e+00 6.602999999999998870e-01
3.096651534919651616e-01 4.000000000000000000e+00 1.300000000000000000e+01 2.584200000000000053e+00
5.915500932896597952e-01 2.000000000000000000e+00 5.000000000000000000e+00 3.624100000000002098e+00
5.863590335117102592e-01 0.000000000000000000e+00 1.000000000000000000e+00 2.547800000000000509e+00
5.046471102214437066e-01 4.000000000000000000e+00 7.000000000000000000e+00 2.895400000000001306e+00
4.596155896241874150e-01 2.000000000000000000e+00 7.000000000000000000e+00 5.330820000000004555e+00
8.274841249091268169e-01 2.000000000000000000e+00 5.000000000000000000e+00 2.985699999999999577e+00
7.439570810582798455e-01 1.000000000000000000e+00 2.000000000000000000e+00 2.842120000000000424e+00
7.303964146439301253e-01 2.000000000000000000e+00 5.000000000000000000e+00 3.846900000000002429e+00
4.241322227249200716e-01 3.000000000000000000e+00 1.000000000000000000e+01 3.181300000000002459e+00
7.726345351234016334e-01 1.000000000000000000e+00 5.000000000000000000e+00 2.629460000000000797e+00
4.028357959852401637e-01 3.000000000000000000e+00 8.000000000000000000e+00 3.490800000000001013e+00
7.275794245640524460e-01 1.000000000000000000e+00 1.000000000000000000e+00 4.329620000000002022e+00
5.944098251613666450e-01 2.000000000000000000e+00 1.000000000000000000e+00 1.206600000000000117e+00
3.530886701995012422e-01 0.000000000000000000e+00 6.000000000000000000e+00 5.189720000000005662e+00
6.122238899416738711e-01 2.000000000000000000e+00 6.000000000000000000e+00 3.675320000000002807e+00
5.019253749526765285e-01 1.000000000000000000e+00 3.000000000000000000e+00 2.772740000000000649e+00
8.622628338904334555e-01 2.000000000000000000e+00 2.000000000000000000e+00 1.872599999999999820e+00
7.593452850579149871e-01 1.000000000000000000e+00 6.000000000000000000e+00 4.425600000000003753e+00
7.009661959744275528e-01 2.000000000000000000e+00 6.000000000000000000e+00 3.972900000000002763e+00
7.932087270574180726e-01 0.000000000000000000e+00 6.000000000000000000e+00 3.662620000000003095e+00
1.935041016571077688e-01 5.000000000000000000e+00 1.200000000000000000e+01 3.501800000000001134e+00
3.294485526412069820e-01 1.000000000000000000e+00 9.000000000000000000e+00 3.677800000000002179e+00
7.086726133924512450e-01 1.000000000000000000e+00 8.000000000000000000e+00 2.189400000000000013e+00
4.652522647171080106e-01 1.000000000000000000e+00 7.000000000000000000e+00 5.244320000000003645e+00
5.768124100596673243e-01 1.000000000000000000e+00 6.000000000000000000e+00 2.575900000000000745e+00
5.245035721533567452e-01 3.000000000000000000e+00 8.000000000000000000e+00 1.944299999999999695e+00
5.639160615636205076e-01 1.000000000000000000e+00 8.000000000000000000e+00 5.038620000000004318e+00
7.724342249420274031e-01 2.000000000000000000e+00 3.000000000000000000e+00 3.638620000000002186e+00
6.664872546971669642e-01 1.000000000000000000e+00 7.000000000000000000e+00 4.120700000000002028e+00
7.856923773821716805e-01 2.000000000000000000e+00 2.000000000000000000e+00 1.989800000000000235e+00
7.852466629119814190e-01 1.000000000000000000e+00 4.000000000000000000e+00 2.259600000000000719e+00
5.834200354757121953e-01 3.000000000000000000e+00 5.000000000000000000e+00 3.381480000000001596e+00
7.941237763059726396e-01 2.000000000000000000e+00 2.000000000000000000e+00 1.593999999999999861e+00
3.037028338570181840e-01 4.000000000000000000e+00 6.000000000000000000e+00 9.032000000000002249e-01
4.263548622662727827e-01 2.000000000000000000e+00 6.000000000000000000e+00 5.303820000000005308e+00
6.177675565444842309e-01 0.000000000000000000e+00 4.000000000000000000e+00 3.916500000000002757e+00
6.869564092581451620e-01 0.000000000000000000e+00 4.000000000000000000e+00 1.796619999999999662e+00
6.310498749426360909e-01 0.000000000000000000e+00 4.000000000000000000e+00 2.245400000000000063e+00
3.983178316657449147e-01 3.000000000000000000e+00 8.000000000000000000e+00 3.779700000000001836e+00
6.812315847051038098e-01 1.000000000000000000e+00 4.000000000000000000e+00 2.120659999999999989e+00
2.077938203916175619e-01 5.000000000000000000e+00 1.500000000000000000e+01 3.272500000000000853e+00
3.328953538150271618e-01 1.000000000000000000e+00 6.000000000000000000e+00 1.665699999999999514e+00
2.904858302801703318e-01 3.000000000000000000e+00 9.000000000000000000e+00 3.996000000000002217e+00
5.460967945646915123e-01 2.000000000000000000e+00 6.000000000000000000e+00 4.156700000000003392e+00
4.819185968183806179e-01 1.000000000000000000e+00 8.000000000000000000e+00 5.692020000000004742e+00
5.952089639249852349e-01 3.000000000000000000e+00 6.000000000000000000e+00 3.087900000000002088e+00
5.979289598480697077e-01 0.000000000000000000e+00 4.000000000000000000e+00 5.145720000000005179e+00
8.495236950020970124e-01 1.000000000000000000e+00 2.000000000000000000e+00 1.423020000000000174e+00
7.372960030252690977e-01 2.000000000000000000e+00 6.000000000000000000e+00 4.046040000000003189e+00
2.854344117822863458e-01 3.000000000000000000e+00 1.500000000000000000e+01 3.705400000000001803e+00
6.672134969921049708e-01 3.000000000000000000e+00 2.000000000000000000e+00 1.895700000000000163e+00
4.533184660974360902e-01 2.000000000000000000e+00 5.000000000000000000e+00 3.754300000000001525e+00
5.755860893833778524e-01 1.000000000000000000e+00 4.000000000000000000e+00 4.430000000000004157e+00
7.342484242977336262e-01 1.000000000000000000e+00 6.000000000000000000e+00 3.577920000000002432e+00
6.825214875527465530e-01 3.000000000000000000e+00 6.000000000000000000e+00 3.072200000000001374e+00
5.752755177024041489e-01 2.000000000000000000e+00 6.000000000000000000e+00 4.454340000000003741e+00
5.056130599451502672e-01 4.000000000000000000e+00 3.000000000000000000e+00 -1.971399999999999375e+00
4.563539307051572291e-01 3.000000000000000000e+00 6.000000000000000000e+00 2.892599999999999838e+00
4.097708888525484205e-01 1.000000000000000000e+00 8.000000000000000000e+00 5.180480000000004637e+00
6.791335989216257252e-01 2.000000000000000000e+00 6.000000000000000000e+00 4.580240000000004308e+00
8.240069237957237114e-01 0.000000000000000000e+00 5.000000000000000000e+00 3.818600000000002659e+00
6.808504420587031536e-01 2.000000000000000000e+00 6.000000000000000000e+00 4.027440000000003906e+00
6.043346737247395906e-01 2.000000000000000000e+00 6.000000000000000000e+00 4.065840000000003229e+00
5.943942682416261114e-01 3.000000000000000000e+00 5.000000000000000000e+00 2.975100000000001188e+00
6.925919293641547014e-01 2.000000000000000000e+00 1.000000000000000000e+00 1.569519999999999804e+00
6.395257442251707225e-01 1.000000000000000000e+00 2.000000000000000000e+00 5.406500000000005635e+00
6.196061980205539443e-01 2.000000000000000000e+00 5.000000000000000000e+00 4.408200000000003449e+00
4.781676605766543298e-01 3.000000000000000000e+00 7.000000000000000000e+00 2.687280000000000335e+00
6.978426723205458648e-01 2.000000000000000000e+00 7.000000000000000000e+00 4.135100000000003106e+00
7.588319874569852130e-01 1.000000000000000000e+00 7.000000000000000000e+00 1.484399999999999942e+00
2.345313140543506536e-01 1.000000000000000000e+00 7.000000000000000000e+00 7.248500000000005272e+00
4.241238067399291101e-01 1.000000000000000000e+00 9.000000000000000000e+00 2.592500000000001137e+00
4.681929140334143979e-01 3.000000000000000000e+00 6.000000000000000000e+00 2.464599999999999902e+00
2.644191445699895504e-01 2.000000000000000000e+00 1.000000000000000000e+01 6.692620000000006897e+00
4.539743579990064282e-01 3.000000000000000000e+00 1.100000000000000000e+01 2.910700000000002063e+00
7.438571391138827371e-01 1.000000000000000000e+00 2.000000000000000000e+00 1.370099999999999874e+00
6.812194326251889143e-01 1.000000000000000000e+00 6.000000000000000000e+00 4.004220000000002777e+00
5.344951727979869727e-01 3.000000000000000000e+00 3.000000000000000000e+00 2.134399999999999409e+00
8.047367066396059476e-01 2.000000000000000000e+00 3.000000000000000000e+00 1.366019999999999790e+00
5.379590372231252138e-01 1.000000000000000000e+00 4.000000000000000000e+00 2.266300000000000203e+00
3.445789668099430991e-01 4.000000000000000000e+00 7.000000000000000000e+00 2.394200000000000106e+00
6.309468585895404713e-01 1.000000000000000000e+00 8.000000000000000000e+00 4.857200000000004181e+00
7.938203610626236584e-01 1.000000000000000000e+00 4.000000000000000000e+00 1.768619999999999859e+00
2.005452589169130773e-01 5.000000000000000000e+00 1.100000000000000000e+01 4.146600000000002950e+00
2.998602915406788361e-01 4.000000000000000000e+00 1.300000000000000000e+01 3.300800000000001511e+00
3.875093522969502713e-01 3.000000000000000000e+00 8.000000000000000000e+00 4.148600000000001842e+00
8.776016184783941299e-01 1.000000000000000000e+00 4.000000000000000000e+00 3.173200000000001353e+00
7.820493793345524303e-01 0.000000000000000000e+00 3.000000000000000000e+00 3.612120000000002662e+00
2.562288158256891824e-01 0.000000000000000000e+00 8.000000000000000000e+00 6.387400000000006628e+00
5.445873555605994509e-01 2.000000000000000000e+00 5.000000000000000000e+00 3.161220000000001917e+00
4.093395117957355778e-01 2.000000000000000000e+00 6.000000000000000000e+00 3.226300000000001056e+00
6.110713069132558406e-01 0.000000000000000000e+00 7.000000000000000000e+00 4.010420000000003427e+00
6.795202371176086720e-01 3.000000000000000000e+00 4.000000000000000000e+00 1.389299999999999313e+00
5.110224298663298415e-01 3.000000000000000000e+00 3.000000000000000000e+00 3.014100000000000001e+00
6.737745001111165033e-01 1.000000000000000000e+00 4.000000000000000000e+00 1.503800000000000026e+00
5.913285734068559618e-01 1.000000000000000000e+00 7.000000000000000000e+00 5.603200000000004621e+00
6.950070323094383884e-01 1.000000000000000000e+00 7.000000000000000000e+00 3.732200000000002404e+00
5.581335528453895689e-01 3.000000000000000000e+00 3.000000000000000000e+00 2.598000000000002530e+00
6.640331402124737270e-01 2.000000000000000000e+00 6.000000000000000000e+00 3.244180000000001840e+00
5.213374816479530161e-01 4.000000000000000000e+00 4.000000000000000000e+00 3.076000000000000512e+00
7.215210452494290605e-01 0.000000000000000000e+00 3.000000000000000000e+00 4.103700000000003456e+00
7.622012375435303078e-01 0.000000000000000000e+00 4.000000000000000000e+00 1.800479999999999858e+00
2.395576827028055578e-01 5.000000000000000000e+00 1.300000000000000000e+01 3.527200000000001445e+00
6.305963929533454637e-01 3.000000000000000000e+00 3.000000000000000000e+00 2.720000000000000639e+00
5.820901201895605226e-01 1.000000000000000000e+00 3.000000000000000000e+00 4.773280000000004186e+00
7.418319812583779038e-01 0.000000000000000000e+00 5.000000000000000000e+00 4.513700000000003598e+00
4.693549882952490759e-01 1.000000000000000000e+00 7.000000000000000000e+00 4.267420000000002211e+00
7.751645749396510743e-01 1.000000000000000000e+00 5.000000000000000000e+00 3.933300000000001795e+00
8.204937720146613378e-01 1.000000000000000000e+00 3.000000000000000000e+00 3.299300000000002342e+00
3.796362985904132570e-01 3.000000000000000000e+00 8.000000000000000000e+00 3.677480000000001858e+00
4.795244634357671565e-01 1.000000000000000000e+00 3.000000000000000000e+00 2.378499999999999837e+00
2.374041108653540122e-01 4.000000000000000000e+00 1.100000000000000000e+01 3.801500000000001656e+00
7.330298578847591617e-01 0.000000000000000000e+00 6.000000000000000000e+00 4.078220000000002621e+00
2.059921137949234926e-01 4.000000000000000000e+00 1.300000000000000000e+01 4.545700000000004515e+00
4.350122507052937570e-01 2.000000000000000000e+00 6.000000000000000000e+00 6.654500000000004967e+00
2.799634335987507550e-01 0.000000000000000000e+00 8.000000000000000000e+00 5.782400000000006202e+00
5.001112212007079449e-01 4.000000000000000000e+00 7.000000000000000000e+00 2.646619999999999528e+00
6.854112097671336556e-01 1.000000000000000000e+00 6.000000000000000000e+00 2.387220000000000120e+00
1.430874087072338263e-01 6.000000000000000000e+00 2.000000000000000000e+00 4.754120000000004787e+00
8.017530191569112175e-01 0.000000000000000000e+00 3.000000000000000000e+00 4.513420000000004428e+00
4.520441919529623598e-01 2.000000000000000000e+00 5.000000000000000000e+00 3.373900000000000787e+00
5.773593757304344987e-01 0.000000000000000000e+00 6.000000000000000000e+00 4.680260000000004084e+00
8.477638711526184201e-01 1.000000000000000000e+00 5.000000000000000000e+00 3.749300000000001631e+00
5.978230597649050182e-01 2.000000000000000000e+00 6.000000000000000000e+00 2.977180000000001492e+00
7.096190277411539293e-01 0.000000000000000000e+00 5.000000000000000000e+00 5.440800000000004744e+00
6.955902630270911491e-01 1.000000000000000000e+00 6.000000000000000000e+00 3.108400000000000496e+00
7.431363427305049951e-01 1.000000000000000000e+00 4.000000000000000000e+00 4.323220000000002727e+00
6.980810859065111895e-01 2.000000000000000000e+00 5.000000000000000000e+00 4.252300000000002633e+00
7.084962943273588332e-01 2.000000000000000000e+00 4.000000000000000000e+00 4.261900000000002464e+00
3.092004556825382888e-01 5.000000000000000000e+00 8.000000000000000000e+00 9.726999999999992319e-01
1.920254456055627001e-01 5.000000000000000000e+00 1.200000000000000000e+01 3.468600000000001238e+00
3.676158794234101607e-02 1.700000000000000000e+01 2.700000000000000000e+01 -4.819700000000015194e+00
8.723107441227394565e-01 1.000000000000000000e+00 5.000000000000000000e+00 2.603620000000001156e+00
6.387740812049671479e-01 2.000000000000000000e+00 8.000000000000000000e+00 3.672540000000001470e+00
4.637933512322447993e-01 4.000000000000000000e+00 6.000000000000000000e+00 1.649699999999999722e+00
4.148581613935714008e-01 2.000000000000000000e+00 1.100000000000000000e+01 3.467400000000002258e+00
7.947531162646358505e-01 1.000000000000000000e+00 0.000000000000000000e+00 4.018900000000002137e+00
3.621282861742475268e-01 2.000000000000000000e+00 9.000000000000000000e+00 3.350100000000001188e+00
7.044017435347045275e-01 2.000000000000000000e+00 8.000000000000000000e+00 3.475000000000001421e+00
6.622977546977547592e-01 1.000000000000000000e+00 8.000000000000000000e+00 2.841100000000001735e+00
8.162489424337532329e-01 1.000000000000000000e+00 4.000000000000000000e+00 3.488320000000002530e+00
3.364262515664885878e-01 3.000000000000000000e+00 6.000000000000000000e+00 5.154400000000001647e+00
4.666154569787113737e-01 3.000000000000000000e+00 6.000000000000000000e+00 2.057599999999999874e+00
4.971317808689325601e-01 2.000000000000000000e+00 4.000000000000000000e+00 4.690700000000004088e+00
3.313105320722487535e-01 2.000000000000000000e+00 7.000000000000000000e+00 6.331020000000005865e+00
3.578713196659329410e-01 2.000000000000000000e+00 7.000000000000000000e+00 5.912420000000006226e+00
5.917430897650455268e-01 1.000000000000000000e+00 5.000000000000000000e+00 4.433640000000004022e+00
6.183288065255306831e-01 2.000000000000000000e+00 6.000000000000000000e+00 4.210420000000002716e+00
5.492499651673350414e-01 1.000000000000000000e+00 6.000000000000000000e+00 4.175900000000002166e+00
7.801123390936709479e-01 1.000000000000000000e+00 1.000000000000000000e+00 2.473999999999998423e-01
5.163157587714762853e-01 1.000000000000000000e+00 7.000000000000000000e+00 5.088000000000005407e+00
7.468046291398980907e-01 2.000000000000000000e+00 2.000000000000000000e+00 3.192700000000001648e+00
3.566910259609016309e-01 2.000000000000000000e+00 4.000000000000000000e+00 3.615700000000001246e+00
7.963815854490345902e-01 2.000000000000000000e+00 1.000000000000000000e+00 2.753000000000001002e+00
7.047337891406045829e-01 1.000000000000000000e+00 1.000000000000000000e+00 3.589200000000001722e+00
3.245484819411356137e-01 1.000000000000000000e+00 6.000000000000000000e+00 4.673500000000003318e+00
3.313087108827629801e-01 3.000000000000000000e+00 7.000000000000000000e+00 4.939600000000002211e+00
2.765601754199370488e-01 5.000000000000000000e+00 9.000000000000000000e+00 2.096099999999998964e+00
3.593343094819140826e-01 1.000000000000000000e+00 8.000000000000000000e+00 2.471799999999999997e+00
5.055052971214054613e-01 1.000000000000000000e+00 4.000000000000000000e+00 2.175600000000000200e+00
4.989269955464054052e-01 1.000000000000000000e+00 3.000000000000000000e+00 5.906700000000004280e+00
8.417696656728677063e-01 2.000000000000000000e+00 6.000000000000000000e+00 3.089020000000001431e+00
8.338609130536347447e-01 1.000000000000000000e+00 5.000000000000000000e+00 4.087200000000002831e+00
4.807742966799927187e-01 1.000000000000000000e+00 8.000000000000000000e+00 3.602100000000001856e+00
6.097787500798147464e-01 0.000000000000000000e+00 5.000000000000000000e+00 4.756720000000004056e+00
7.297674258942766778e-01 1.000000000000000000e+00 4.000000000000000000e+00 3.262520000000002085e+00
7.147464902593780867e-01 1.000000000000000000e+00 7.000000000000000000e+00 2.700000000000001066e+00
7.128362874637865776e-01 0.000000000000000000e+00 4.000000000000000000e+00 2.947600000000001330e+00
6.616755548433177481e-01 1.000000000000000000e+00 2.000000000000000000e+00 4.336520000000002817e+00
8.626890085404941289e-01 0.000000000000000000e+00 3.000000000000000000e+00 2.644600000000001394e+00
7.411244777976403464e-01 2.000000000000000000e+00 4.000000000000000000e+00 4.270900000000003693e+00
7.149927066948086329e-01 1.000000000000000000e+00 3.000000000000000000e+00 1.819699999999999873e+00
4.396684225717870653e-01 1.000000000000000000e+00 5.000000000000000000e+00 4.922800000000004061e+00
1.789631516687685553e-01 5.000000000000000000e+00 1.100000000000000000e+01 4.800000000000003375e+00
2.605382218450999487e-01 5.000000000000000000e+00 9.000000000000000000e+00 2.852400000000000713e+00
8.181000978992072348e-01 1.000000000000000000e+00 4.000000000000000000e+00 2.582200000000000273e+00
4.326446499729262873e-01 1.000000000000000000e+00 5.000000000000000000e+00 2.148399999999999643e+00
6.786134146458528971e-01 1.000000000000000000e+00 5.000000000000000000e+00 3.656020000000002490e+00
7.572884989807202594e-01 2.000000000000000000e+00 5.000000000000000000e+00 3.069520000000001581e+00
6.885051514587277044e-01 3.000000000000000000e+00 4.000000000000000000e+00 3.608400000000001384e+00
6.088399000081331502e-01 0.000000000000000000e+00 4.000000000000000000e+00 4.610100000000001863e+00
7.346360353495454687e-01 2.000000000000000000e+00 3.000000000000000000e+00 4.486940000000003259e+00
5.178845160827056926e-01 1.000000000000000000e+00 8.000000000000000000e+00 5.383600000000005714e+00
7.115082020895332482e-01 1.000000000000000000e+00 7.000000000000000000e+00 3.757300000000002527e+00
3.302043086466602828e-01 2.000000000000000000e+00 8.000000000000000000e+00 6.337520000000006704e+00
4.670664644981609159e-01 1.000000000000000000e+00 8.000000000000000000e+00 3.132100000000001216e+00
9.359977917649535684e-01 1.000000000000000000e+00 4.000000000000000000e+00 3.342080000000001938e+00
4.501600266284705443e-01 2.000000000000000000e+00 8.000000000000000000e+00 1.431399999999999784e+00
9.057842881790304501e-01 2.000000000000000000e+00 4.000000000000000000e+00 3.383000000000001783e+00
6.164391834948148574e-01 2.000000000000000000e+00 1.100000000000000000e+01 2.393399999999999750e+00
9.267447551725013222e-01 1.000000000000000000e+00 2.000000000000000000e+00 2.922220000000000262e+00
4.839241752463112334e-02 1.800000000000000000e+01 2.300000000000000000e+01 -7.831400000000000361e+00
5.464780320864059959e-01 1.000000000000000000e+00 8.000000000000000000e+00 4.610000000000002984e+00
5.437532218754280722e-01 3.000000000000000000e+00 7.000000000000000000e+00 1.556599999999999762e+00
3.675403414186960704e-01 0.000000000000000000e+00 8.000000000000000000e+00 5.272300000000004871e+00
8.387636261358359935e-01 2.000000000000000000e+00 3.000000000000000000e+00 2.426379999999999981e+00
4.694002641526838771e-01 2.000000000000000000e+00 4.000000000000000000e+00 2.980380000000001139e+00
7.072470380982703864e-01 2.000000000000000000e+00 5.000000000000000000e+00 3.537040000000002404e+00
8.175618403010624924e-01 2.000000000000000000e+00 3.000000000000000000e+00 3.170480000000001297e+00
2.560991332262120279e-01 5.000000000000000000e+00 9.000000000000000000e+00 2.247399999999999398e+00
5.046882866031994208e-01 1.000000000000000000e+00 7.000000000000000000e+00 4.518000000000003347e+00
6.628702331009905802e-01 0.000000000000000000e+00 5.000000000000000000e+00 2.448300000000000587e+00
2.519794328466157807e-01 4.000000000000000000e+00 9.000000000000000000e+00 4.540500000000004199e+00
5.696712913886975427e-01 1.000000000000000000e+00 7.000000000000000000e+00 3.748780000000002666e+00
3.370267533327346299e-01 1.000000000000000000e+00 5.000000000000000000e+00 4.932300000000004125e+00
7.488389963736936661e-01 1.000000000000000000e+00 0.000000000000000000e+00 3.188200000000001033e+00
8.022175642079523161e-01 1.000000000000000000e+00 1.000000000000000000e+00 2.331999999999999851e+00
7.714362297282301162e-01 1.000000000000000000e+00 3.000000000000000000e+00 3.763200000000002099e+00
3.077223994485213665e-01 2.000000000000000000e+00 8.000000000000000000e+00 5.540800000000003500e+00
7.573524570461447336e-01 2.000000000000000000e+00 2.000000000000000000e+00 3.840930000000001954e+00
5.170489983001239631e-01 2.000000000000000000e+00 7.000000000000000000e+00 3.462020000000001652e+00
2.396934761708511552e-01 1.000000000000000000e+00 8.000000000000000000e+00 6.145480000000007159e+00
6.361015353393405514e-01 2.000000000000000000e+00 6.000000000000000000e+00 4.533240000000003711e+00
6.505445063164254638e-01 2.000000000000000000e+00 7.000000000000000000e+00 3.382000000000001450e+00
3.970837862633549431e-01 4.000000000000000000e+00 1.000000000000000000e+01 2.440400000000000347e+00
4.577559069626490618e-01 1.000000000000000000e+00 7.000000000000000000e+00 4.253300000000002967e+00
6.076224270999531774e-01 2.000000000000000000e+00 2.000000000000000000e+00 1.699300000000000033e+00
7.506812688883187645e-01 1.000000000000000000e+00 7.000000000000000000e+00 3.078800000000001980e+00
7.321299979955067094e-01 1.000000000000000000e+00 4.000000000000000000e+00 1.816019999999999968e+00
6.463917568152954818e-01 2.000000000000000000e+00 6.000000000000000000e+00 3.090900000000001313e+00
6.665292907878642703e-01 1.000000000000000000e+00 2.000000000000000000e+00 1.950199999999999934e+00
7.365772380638736516e-01 1.000000000000000000e+00 4.000000000000000000e+00 1.676919999999999966e+00
6.056046614266870076e-01 1.000000000000000000e+00 3.000000000000000000e+00 2.885620000000001184e+00
6.093446483687769977e-01 1.000000000000000000e+00 3.000000000000000000e+00 5.275100000000001899e+00
5.778484804828311061e-01 2.000000000000000000e+00 1.200000000000000000e+01 2.365899999999999892e+00
3.432221267033973011e-01 3.000000000000000000e+00 1.300000000000000000e+01 2.925200000000001133e+00
6.397394346969285106e-01 2.000000000000000000e+00 7.000000000000000000e+00 3.576400000000002244e+00
7.613211619299357080e-01 1.000000000000000000e+00 2.000000000000000000e+00 3.011000000000001009e+00
6.757916364888925109e-01 0.000000000000000000e+00 6.000000000000000000e+00 3.368500000000001826e+00
6.341140219697068980e-01 2.000000000000000000e+00 6.000000000000000000e+00 4.991800000000004012e+00
3.330906331966008715e-01 2.000000000000000000e+00 7.000000000000000000e+00 5.544200000000003570e+00
7.166041254699327956e-01 2.000000000000000000e+00 5.000000000000000000e+00 4.374260000000002258e+00
8.589607719574609002e-01 1.000000000000000000e+00 4.000000000000000000e+00 3.167200000000001125e+00
4.219288719154663525e-01 2.000000000000000000e+00 6.000000000000000000e+00 2.837800000000000544e+00
7.891005916351845340e-01 1.000000000000000000e+00 4.000000000000000000e+00 2.455119999999999969e+00
7.748129921524709030e-01 1.000000000000000000e+00 6.000000000000000000e+00 3.126800000000002022e+00
3.425643270546012142e-01 0.000000000000000000e+00 7.000000000000000000e+00 4.790100000000005132e+00
6.818874731615731655e-01 0.000000000000000000e+00 3.000000000000000000e+00 4.270020000000003257e+00
3.476144181686252610e-01 5.000000000000000000e+00 1.000000000000000000e+01 3.766200000000002213e+00
5.032041717093813649e-01 1.000000000000000000e+00 8.000000000000000000e+00 5.701700000000005097e+00
6.614809816824287481e-01 2.000000000000000000e+00 7.000000000000000000e+00 4.140900000000002024e+00
7.220509785012366732e-01 1.000000000000000000e+00 4.000000000000000000e+00 4.978020000000001666e+00
5.514532583033472379e-01 0.000000000000000000e+00 7.000000000000000000e+00 5.307800000000004736e+00
4.161995112393658824e-01 1.000000000000000000e+00 7.000000000000000000e+00 4.925900000000004830e+00
7.407442417149674441e-01 0.000000000000000000e+00 3.000000000000000000e+00 2.659159999999999968e+00
5.540618915195043570e-01 0.000000000000000000e+00 6.000000000000000000e+00 4.680000000000004157e+00
7.483634501218210389e-01 1.000000000000000000e+00 0.000000000000000000e+00 3.387200000000001765e+00
6.950108905581837693e-01 1.000000000000000000e+00 1.000000000000000000e+00 2.940500000000001002e+00
4.654453209405146619e-01 2.000000000000000000e+00 7.000000000000000000e+00 5.155100000000004457e+00
6.540368201081147026e-01 3.000000000000000000e+00 6.000000000000000000e+00 -1.878999999999994563e-01
6.936807740895571950e-01 2.000000000000000000e+00 8.000000000000000000e+00 2.152800000000000047e+00
8.813012171505193448e-01 1.000000000000000000e+00 4.000000000000000000e+00 2.845020000000001659e+00
5.530315284690744404e-01 4.000000000000000000e+00 4.000000000000000000e+00 2.370000000000044293e-02
5.988163606060162847e-01 1.000000000000000000e+00 1.000000000000000000e+00 -7.949999999999990408e-01
6.431367472005804498e-01 2.000000000000000000e+00 5.000000000000000000e+00 4.555800000000004069e+00
6.012984237201489668e-01 1.000000000000000000e+00 6.000000000000000000e+00 4.386220000000004227e+00
4.808226398717622141e-01 3.000000000000000000e+00 7.000000000000000000e+00 3.822000000000002728e+00
6.718202411726539314e-01 1.000000000000000000e+00 7.000000000000000000e+00 3.477000000000002089e+00
7.540394986397730426e-01 1.000000000000000000e+00 4.000000000000000000e+00 2.897600000000000620e+00
2.810783959004743982e-01 5.000000000000000000e+00 9.000000000000000000e+00 6.503999999999987569e-01
4.805523659038598572e-01 0.000000000000000000e+00 4.000000000000000000e+00 2.977840000000001375e+00
7.046383457729449296e-01 1.000000000000000000e+00 7.000000000000000000e+00 5.030900000000002592e+00
4.330626292185653092e-01 3.000000000000000000e+00 6.000000000000000000e+00 3.421800000000001063e+00
3.572557636754545851e-01 3.000000000000000000e+00 9.000000000000000000e+00 2.718999999999999417e+00
6.596208353547043934e-01 2.000000000000000000e+00 1.000000000000000000e+00 3.381199999999999761e+00
7.587478666172752240e-01 2.000000000000000000e+00 2.000000000000000000e+00 2.957620000000001692e+00
3.103203848328888736e-01 4.000000000000000000e+00 1.600000000000000000e+01 4.107400000000004603e+00
7.235153195669827841e-01 3.000000000000000000e+00 4.000000000000000000e+00 3.853620000000002044e+00
7.206485155189067404e-01 1.000000000000000000e+00 4.000000000000000000e+00 2.195619999999999905e+00
8.110927858841840976e-01 0.000000000000000000e+00 3.000000000000000000e+00 4.155300000000003990e+00
5.868909575183275384e-01 3.000000000000000000e+00 6.000000000000000000e+00 2.488079999999999181e+00
5.082324323325478899e-01 1.000000000000000000e+00 6.000000000000000000e+00 2.529000000000000803e+00
6.779970964662654920e-01 2.000000000000000000e+00 4.000000000000000000e+00 3.216200000000000614e+00
2.740990033328327691e-01 0.000000000000000000e+00 9.000000000000000000e+00 5.148100000000004783e+00
3.851535898188255258e-01 2.000000000000000000e+00 8.000000000000000000e+00 5.183820000000004313e+00
1.794794929805593742e-01 2.000000000000000000e+00 1.100000000000000000e+01 6.139100000000005330e+00
6.255009640677332561e-01 0.000000000000000000e+00 4.000000000000000000e+00 2.841800000000000992e+00
7.414814883691501768e-01 2.000000000000000000e+00 3.000000000000000000e+00 1.450299999999999478e+00
6.972192166381926404e-01 2.000000000000000000e+00 8.000000000000000000e+00 3.800040000000002749e+00
4.648151834128175786e-01 2.000000000000000000e+00 7.000000000000000000e+00 5.460820000000004448e+00
2.188820446972282452e-01 5.000000000000000000e+00 1.300000000000000000e+01 4.180600000000002758e+00
6.825551372392970606e-01 2.000000000000000000e+00 4.000000000000000000e+00 3.024500000000001521e+00
2.719329333004927851e-01 0.000000000000000000e+00 1.000000000000000000e+01 4.799200000000004351e+00
4.519963873391616427e-01 3.000000000000000000e+00 6.000000000000000000e+00 2.229519999999999946e+00
5.929925774140188954e-01 2.000000000000000000e+00 7.000000000000000000e+00 4.241620000000003721e+00
1.198258974041772895e-01 6.000000000000000000e+00 1.300000000000000000e+01 4.639500000000003510e+00
6.939222125348533110e-01 3.000000000000000000e+00 3.000000000000000000e+00 2.979300000000001170e+00
6.529073077946889736e-01 3.000000000000000000e+00 6.000000000000000000e+00 4.092700000000002447e+00
4.360939060506743847e-01 3.000000000000000000e+00 9.000000000000000000e+00 2.622900000000003118e+00
1.445382404294043299e-01 4.000000000000000000e+00 9.000000000000000000e+00 -1.111999999999996547e+00
7.955688874083596263e-01 1.000000000000000000e+00 2.000000000000000000e+00 2.566700000000000870e+00
5.561569800225805160e-01 2.000000000000000000e+00 4.000000000000000000e+00 2.313979999999999926e+00
3.359536483484537595e-01 0.000000000000000000e+00 6.000000000000000000e+00 2.302400000000000446e+00
8.907183611012436941e-02 5.000000000000000000e+00 8.000000000000000000e+00 -1.409199999999998454e+00
5.423945314090068415e-01 2.000000000000000000e+00 0.000000000000000000e+00 2.422200000000000131e+00
8.699336340050026761e-01 1.000000000000000000e+00 3.000000000000000000e+00 4.915700000000001957e+00
6.313255490777444079e-01 0.000000000000000000e+00 2.000000000000000000e+00 2.547700000000000742e+00
8.073711634784134228e-01 2.000000000000000000e+00 4.000000000000000000e+00 3.834900000000002862e+00
4.865357366381187210e-01 2.000000000000000000e+00 1.100000000000000000e+01 3.241400000000002279e+00
4.796487541720144687e-01 2.000000000000000000e+00 8.000000000000000000e+00 4.097600000000002574e+00
4.243232085925366381e-01 2.000000000000000000e+00 6.000000000000000000e+00 3.537600000000002076e+00
7.798111716460944809e-01 1.000000000000000000e+00 4.000000000000000000e+00 4.281800000000002271e+00
4.381249202888878314e-01 0.000000000000000000e+00 8.000000000000000000e+00 3.962700000000002554e+00
2.710147819574177386e-01 4.000000000000000000e+00 7.000000000000000000e+00 5.433020000000003513e+00
5.773134153007926372e-02 2.000000000000000000e+00 1.600000000000000000e+01 7.880600000000009153e+00
7.154378528893039491e-01 1.000000000000000000e+00 2.000000000000000000e+00 1.301999999999999824e+00
3.214056259736216559e-01 0.000000000000000000e+00 7.000000000000000000e+00 5.395100000000005558e+00
5.920455899203077577e-01 1.000000000000000000e+00 5.000000000000000000e+00 3.203900000000002191e+00
7.210070011634853726e-01 3.000000000000000000e+00 3.000000000000000000e+00 1.173499999999999766e+00
7.208739407279879385e-01 2.000000000000000000e+00 5.000000000000000000e+00 2.341120000000000090e+00
4.199048761764639370e-01 0.000000000000000000e+00 1.300000000000000000e+01 5.093080000000004937e+00
5.153465376624359884e-01 1.000000000000000000e+00 2.000000000000000000e+00 2.364799999999999791e+00
7.890654914661434649e-01 2.000000000000000000e+00 7.000000000000000000e+00 2.447719999999999452e+00
6.494515417953363734e-01 2.000000000000000000e+00 4.000000000000000000e+00 3.620700000000001140e+00
6.531640436517763826e-01 1.000000000000000000e+00 0.000000000000000000e+00 2.017599999999999838e+00
9.016630180234092018e-01 2.000000000000000000e+00 3.000000000000000000e+00 1.786799999999999944e+00
6.964697986002591490e-01 1.000000000000000000e+00 6.000000000000000000e+00 3.627100000000002211e+00
6.084225590420807572e-01 1.000000000000000000e+00 9.000000000000000000e+00 3.478600000000001913e+00
1.995884177761272082e-01 5.000000000000000000e+00 1.200000000000000000e+01 3.883300000000001972e+00
5.825242347593598824e-01 2.000000000000000000e+00 9.000000000000000000e+00 4.062640000000002694e+00
3.326839847577514608e-01 0.000000000000000000e+00 7.000000000000000000e+00 5.797200000000003683e+00
6.611953894741452453e-01 1.000000000000000000e+00 2.000000000000000000e+00 2.119519999999999627e+00
7.530223685249093357e-01 2.000000000000000000e+00 6.000000000000000000e+00 1.381499999999999950e+00
5.969446160833804527e-01 1.000000000000000000e+00 0.000000000000000000e+00 1.498599999999999932e+00
6.011927777100252168e-01 1.000000000000000000e+00 3.000000000000000000e+00 4.401200000000002888e+00
2.818384014233120127e-01 1.000000000000000000e+00 7.000000000000000000e+00 6.937220000000006159e+00
6.471329534282265206e-01 0.000000000000000000e+00 2.000000000000000000e+00 2.691500000000000448e+00
3.075015831844243874e-01 3.000000000000000000e+00 1.300000000000000000e+01 5.437900000000007950e+00
5.990677796676375788e-01 1.000000000000000000e+00 8.000000000000000000e+00 4.730200000000005289e+00
4.136022576828499164e-01 4.000000000000000000e+00 9.000000000000000000e+00 2.223300000000000054e+00
8.317194726521065506e-01 2.000000000000000000e+00 4.000000000000000000e+00 3.090800000000001546e+00
2.186983637030608385e-01 5.000000000000000000e+00 1.000000000000000000e+01 4.104100000000002524e+00
6.270547192559122740e-01 2.000000000000000000e+00 6.000000000000000000e+00 3.894300000000002093e+00
5.126298402016701283e-01 2.000000000000000000e+00 5.000000000000000000e+00 3.691420000000002588e+00
7.961167426428142901e-01 1.000000000000000000e+00 3.000000000000000000e+00 3.891300000000001980e+00
8.540302270880285596e-01 1.000000000000000000e+00 4.000000000000000000e+00 2.191620000000000346e+00
4.865420212105027731e-01 2.000000000000000000e+00 3.000000000000000000e+00 1.846800000000000219e+00
5.597037383059921822e-01 4.000000000000000000e+00 4.000000000000000000e+00 1.505000000000010774e-01
5.876401273749906062e-01 2.000000000000000000e+00 2.000000000000000000e+00 4.013200000000002099e+00
5.965996383803311431e-01 3.000000000000000000e+00 5.000000000000000000e+00 4.488760000000003636e+00
7.588553239134157025e-01 1.000000000000000000e+00 6.000000000000000000e+00 3.053220000000001377e+00
5.557062525173719347e-01 0.000000000000000000e+00 5.000000000000000000e+00 2.618300000000000516e+00
1.481297562874804019e-01 6.000000000000000000e+00 1.200000000000000000e+01 2.971700000000001562e+00
4.358373062067559811e-01 2.000000000000000000e+00 3.000000000000000000e+00 4.822100000000004272e+00
6.451327091577340189e-01 2.000000000000000000e+00 6.000000000000000000e+00 3.851520000000002497e+00
6.727670764195050612e-01 1.000000000000000000e+00 2.000000000000000000e+00 3.159100000000001351e+00
4.050430975426199121e-01 2.000000000000000000e+00 8.000000000000000000e+00 5.240420000000003853e+00
5.939169647579990441e-01 2.000000000000000000e+00 6.000000000000000000e+00 3.248300000000002186e+00
8.016562333969974308e-01 1.000000000000000000e+00 3.000000000000000000e+00 2.458279999999999355e+00
5.560168541215328997e-01 2.000000000000000000e+00 9.000000000000000000e+00 4.083400000000003693e+00
5.323505450481794687e-01 2.000000000000000000e+00 6.000000000000000000e+00 1.864099999999998980e+00
3.921160309263102550e-01 2.000000000000000000e+00 7.000000000000000000e+00 4.028600000000001735e+00
3.187894398635779392e-01 1.000000000000000000e+00 6.000000000000000000e+00 4.735000000000002984e+00
8.932298763507215966e-01 2.000000000000000000e+00 3.000000000000000000e+00 1.583299999999999930e+00
5.813932076467129839e-01 2.000000000000000000e+00 6.000000000000000000e+00 4.352440000000004083e+00
8.504519983777411030e-01 1.000000000000000000e+00 4.000000000000000000e+00 1.770479999999999610e+00
4.360486681456439140e-01 3.000000000000000000e+00 7.000000000000000000e+00 2.551599999999999646e+00
5.253585553219056736e-01 1.000000000000000000e+00 8.000000000000000000e+00 5.116180000000005279e+00
2.978102250301328802e-01 5.000000000000000000e+00 8.000000000000000000e+00 -2.538899999999997270e+00
5.385863973247060343e-01 2.000000000000000000e+00 8.000000000000000000e+00 1.765300000000001868e+00
8.170980841823416441e-01 1.000000000000000000e+00 2.000000000000000000e+00 1.772000000000000020e+00
6.414114127734389381e-01 2.000000000000000000e+00 5.000000000000000000e+00 2.157600000000000406e+00
4.424298393248676797e-01 1.000000000000000000e+00 8.000000000000000000e+00 6.082120000000006854e+00
5.188941665594577479e-01 2.000000000000000000e+00 3.000000000000000000e+00 2.987899999999999778e+00
7.974077275753166383e-01 1.000000000000000000e+00 2.000000000000000000e+00 2.277199999999999669e+00
2.941309374777507091e-01 2.000000000000000000e+00 7.000000000000000000e+00 6.048240000000005168e+00
8.309196205448278194e-01 1.000000000000000000e+00 2.000000000000000000e+00 7.209200000000000053e-01
5.029511300621745118e-01 3.000000000000000000e+00 5.000000000000000000e+00 4.864999999999998770e-01
7.472243197930101832e-01 2.000000000000000000e+00 5.000000000000000000e+00 2.978500000000001258e+00
5.166893132340431016e-01 2.000000000000000000e+00 1.000000000000000000e+01 5.219900000000005313e+00
7.224755054675060517e-01 1.000000000000000000e+00 5.000000000000000000e+00 4.000920000000002474e+00
7.849558299886598700e-01 1.000000000000000000e+00 6.000000000000000000e+00 3.573240000000001970e+00
2.240204294235247640e-01 3.000000000000000000e+00 1.100000000000000000e+01 1.091720000000000912e+00
1.555112399819528202e-01 3.000000000000000000e+00 6.000000000000000000e+00 6.180600000000006311e+00
4.258312834573272920e-01 0.000000000000000000e+00 8.000000000000000000e+00 4.567700000000004756e+00
2.952921043536588797e-01 3.000000000000000000e+00 7.000000000000000000e+00 -5.391999999999990134e-01
8.377692157194603639e-02 5.000000000000000000e+00 1.600000000000000000e+01 6.967500000000008242e+00
6.260224160831172613e-01 1.000000000000000000e+00 1.000000000000000000e+00 5.810800000000005738e+00
7.108210481062664510e-01 2.000000000000000000e+00 4.000000000000000000e+00 1.389399999999999968e+00
9.317475908688239716e-01 1.000000000000000000e+00 4.000000000000000000e+00 3.707480000000002107e+00
5.569096784767961772e-01 2.000000000000000000e+00 4.000000000000000000e+00 4.105100000000002858e+00
4.765055819149217053e-01 3.000000000000000000e+00 6.000000000000000000e+00 4.232400000000001938e+00
4.940215255952668527e-01 2.000000000000000000e+00 9.000000000000000000e+00 5.538620000000005206e+00
5.552951655630089522e-01 2.000000000000000000e+00 6.000000000000000000e+00 4.598440000000004524e+00
5.913063253746996262e-01 0.000000000000000000e+00 4.000000000000000000e+00 3.414900000000002045e+00
7.877589152115834770e-01 0.000000000000000000e+00 1.000000000000000000e+00 3.594500000000002693e+00
5.481903905499658780e-01 2.000000000000000000e+00 5.000000000000000000e+00 3.330540000000001832e+00
7.193295336249944105e-01 2.000000000000000000e+00 4.000000000000000000e+00 3.806320000000001258e+00
4.487331336947806282e-01 2.000000000000000000e+00 8.000000000000000000e+00 3.978120000000002321e+00
8.766029364226815002e-01 1.000000000000000000e+00 4.000000000000000000e+00 3.837400000000002365e+00
1.793321038393513867e-01 2.000000000000000000e+00 9.000000000000000000e+00 5.687500000000005329e+00
3.344943152696353561e-01 3.000000000000000000e+00 4.000000000000000000e+00 5.807580000000003295e+00
7.156936181447244305e-01 2.000000000000000000e+00 6.000000000000000000e+00 4.190140000000003084e+00
2.035077643304568362e-01 4.000000000000000000e+00 1.300000000000000000e+01 4.454000000000003290e+00
7.903323628202294504e-01 2.000000000000000000e+00 5.000000000000000000e+00 3.691400000000002457e+00
3.186643298109016476e-01 2.000000000000000000e+00 7.000000000000000000e+00 6.075200000000006817e+00
5.487447712971122993e-01 2.000000000000000000e+00 8.000000000000000000e+00 4.208340000000003300e+00
4.287207981799623369e-01 1.000000000000000000e+00 2.000000000000000000e+00 2.123999999999999666e+00
1.735643864602373909e-01 2.000000000000000000e+00 1.200000000000000000e+01 8.948000000000002174e+00
4.254404256512461235e-01 1.000000000000000000e+00 6.000000000000000000e+00 6.153500000000005521e+00
4.633512966047284576e-01 0.000000000000000000e+00 8.000000000000000000e+00 3.448500000000002785e+00
7.048794464804573057e-01 2.000000000000000000e+00 6.000000000000000000e+00 3.426540000000001918e+00
4.675694566709134858e-01 3.000000000000000000e+00 6.000000000000000000e+00 2.716100000000000847e+00
4.170457410432354406e-01 3.000000000000000000e+00 7.000000000000000000e+00 3.265100000000000335e+00
7.241965681318152104e-01 1.000000000000000000e+00 7.000000000000000000e+00 3.217900000000001981e+00
4.343207208667725361e-01 3.000000000000000000e+00 6.000000000000000000e+00 3.257100000000001216e+00
4.987778178171090593e-01 3.000000000000000000e+00 2.000000000000000000e+00 4.206480000000000885e+00
8.282470450242149784e-01 1.000000000000000000e+00 6.000000000000000000e+00 3.849200000000002397e+00
7.380726505802397419e-01 0.000000000000000000e+00 4.000000000000000000e+00 3.315100000000001934e+00
3.499607634429390823e-01 3.000000000000000000e+00 1.000000000000000000e+01 3.738000000000002210e+00
6.092930752669084571e-01 1.000000000000000000e+00 4.000000000000000000e+00 2.812600000000001543e+00
6.757926376053939865e-01 2.000000000000000000e+00 3.000000000000000000e+00 5.388300000000000978e+00
6.121821069588084807e-01 1.000000000000000000e+00 8.000000000000000000e+00 4.524320000000003894e+00
1.975020712188346739e-01 5.000000000000000000e+00 1.200000000000000000e+01 3.092400000000003146e+00
4.024631972276697112e-01 0.000000000000000000e+00 8.000000000000000000e+00 4.876120000000004673e+00
7.064882384087370903e-01 1.000000000000000000e+00 0.000000000000000000e+00 2.695800000000001084e+00
4.769217301066482340e-01 1.000000000000000000e+00 4.000000000000000000e+00 4.906240000000003931e+00
7.088140950091510462e-01 1.000000000000000000e+00 5.000000000000000000e+00 4.152500000000003411e+00
4.178840975839869243e-01 1.000000000000000000e+00 1.000000000000000000e+01 3.405100000000001792e+00
6.903529971802189191e-01 3.000000000000000000e+00 3.000000000000000000e+00 3.405580000000001384e+00
5.098454602567185079e-01 1.000000000000000000e+00 8.000000000000000000e+00 5.552920000000005629e+00
5.849455013378798141e-01 2.000000000000000000e+00 6.000000000000000000e+00 3.680020000000002511e+00
4.412911149158112445e-01 2.000000000000000000e+00 4.000000000000000000e+00 4.370400000000002727e+00
7.723897034733064881e-01 2.000000000000000000e+00 4.000000000000000000e+00 2.752700000000000813e+00
2.484471755521459879e-01 5.000000000000000000e+00 1.300000000000000000e+01 2.810600000000000875e+00
5.737937259562774228e-01 2.000000000000000000e+00 2.000000000000000000e+00 2.859200000000000408e+00
4.890207240121328680e-01 4.000000000000000000e+00 7.000000000000000000e+00 3.056100000000001593e+00
4.808334258935692551e-01 2.000000000000000000e+00 6.000000000000000000e+00 5.164720000000004418e+00
5.353226351190404353e-01 3.000000000000000000e+00 4.000000000000000000e+00 2.845800000000000551e+00
6.195581690411603448e-01 3.000000000000000000e+00 8.000000000000000000e+00 3.036500000000001087e+00
4.797851589855521293e-01 1.000000000000000000e+00 8.000000000000000000e+00 5.289800000000004943e+00
2.644694318288099977e-01 3.000000000000000000e+00 7.000000000000000000e+00 3.581900000000001860e+00
6.372911723917897842e-01 0.000000000000000000e+00 3.000000000000000000e+00 4.603920000000003121e+00
7.541053298167571528e-01 1.000000000000000000e+00 3.000000000000000000e+00 3.513920000000000599e+00
1.988408381184333662e-01 0.000000000000000000e+00 1.000000000000000000e+01 5.805500000000006544e+00
4.866197213861064852e-01 1.000000000000000000e+00 7.000000000000000000e+00 2.968600000000000350e+00
3.500147533939856198e-02 1.700000000000000000e+01 2.800000000000000000e+01 -4.851700000000009005e+00
7.355204876408409920e-01 1.000000000000000000e+00 7.000000000000000000e+00 3.241700000000002468e+00
7.435520352672612132e-01 2.000000000000000000e+00 5.000000000000000000e+00 4.123700000000002142e+00
5.878072566314825886e-01 2.000000000000000000e+00 9.000000000000000000e+00 3.023100000000001231e+00
6.812402562999568811e-01 1.000000000000000000e+00 7.000000000000000000e+00 3.893400000000002414e+00
4.150516441828568381e-01 3.000000000000000000e+00 7.000000000000000000e+00 2.898220000000001129e+00
8.763586298315260148e-01 1.000000000000000000e+00 4.000000000000000000e+00 2.763400000000000745e+00
5.261294686865645165e-01 2.000000000000000000e+00 9.000000000000000000e+00 2.671399999999999331e+00
5.660982347523189073e-01 1.000000000000000000e+00 2.000000000000000000e+00 4.555600000000001870e+00
5.151766671395069386e-01 2.000000000000000000e+00 8.000000000000000000e+00 4.553320000000003809e+00
6.399254762284845022e-01 1.000000000000000000e+00 6.000000000000000000e+00 4.353920000000004009e+00
6.238935446065899670e-01 3.000000000000000000e+00 5.000000000000000000e+00 4.089000000000002188e+00
4.703625054385959792e-01 2.000000000000000000e+00 9.000000000000000000e+00 3.974400000000002819e+00
4.929850253985110231e-01 1.000000000000000000e+00 4.000000000000000000e+00 2.345699999999999896e+00
7.686375753477353578e-01 2.000000000000000000e+00 1.000000000000000000e+00 1.135400000000000409e+00
6.634881818264520836e-01 0.000000000000000000e+00 1.000000000000000000e+00 4.233520000000002170e+00
3.536293384759256475e-01 0.000000000000000000e+00 7.000000000000000000e+00 4.896200000000004771e+00
6.485969425589273030e-01 2.000000000000000000e+00 7.000000000000000000e+00 3.500800000000001688e+00
8.412952486039373401e-01 2.000000000000000000e+00 2.000000000000000000e+00 1.180599999999999428e+00
9.251089294036561883e-01 1.000000000000000000e+00 3.000000000000000000e+00 2.995900000000000674e+00
5.224751743548602390e-01 2.000000000000000000e+00 5.000000000000000000e+00 9.005200000000008753e-01
2.321995298518355622e-01 3.000000000000000000e+00 1.200000000000000000e+01 5.752100000000004876e+00
7.579295804808177106e-01 2.000000000000000000e+00 4.000000000000000000e+00 3.352820000000001244e+00
1.392419765526793363e-01 5.000000000000000000e+00 1.100000000000000000e+01 5.678700000000006298e+00
7.491216315809984261e-01 1.000000000000000000e+00 4.000000000000000000e+00 3.473320000000001961e+00
8.438740824982990940e-01 0.000000000000000000e+00 2.000000000000000000e+00 3.350800000000002221e+00
2.774133439376549326e-01 2.000000000000000000e+00 4.000000000000000000e+00 2.899799999999999933e+00
4.293638475777718511e-01 0.000000000000000000e+00 7.000000000000000000e+00 4.921700000000004849e+00
8.241959038664723458e-01 2.000000000000000000e+00 3.000000000000000000e+00 1.674439999999999928e+00
2.940498363682432781e-01 5.000000000000000000e+00 1.100000000000000000e+01 4.221700000000002895e+00
6.544987502307385574e-01 3.000000000000000000e+00 2.000000000000000000e+00 3.236080000000000290e+00
5.047877346321323344e-01 3.000000000000000000e+00 8.000000000000000000e+00 4.628100000000003433e+00
8.200756996105424967e-01 1.000000000000000000e+00 7.000000000000000000e+00 2.640700000000000713e+00
6.925651627533550014e-01 1.000000000000000000e+00 6.000000000000000000e+00 2.992220000000001434e+00
7.036758876711536326e-01 2.000000000000000000e+00 5.000000000000000000e+00 5.046400000000004660e+00
5.516629955190890389e-01 0.000000000000000000e+00 6.000000000000000000e+00 2.088199999999999612e+00
2.286476674739753023e-01 3.000000000000000000e+00 5.000000000000000000e+00 -5.982000000000001760e-01
5.385534208535603939e-01 2.000000000000000000e+00 6.000000000000000000e+00 4.387020000000003250e+00
5.191797089452100389e-01 3.000000000000000000e+00 8.000000000000000000e+00 3.641700000000002824e+00
8.331315649637396348e-01 1.000000000000000000e+00 5.000000000000000000e+00 4.393880000000002894e+00
8.457292457729300716e-01 2.000000000000000000e+00 1.000000000000000000e+00 2.447900000000000187e+00
6.514643812401326173e-01 0.000000000000000000e+00 2.000000000000000000e+00 4.027100000000001678e+00
5.715182084821340824e-01 2.000000000000000000e+00 2.000000000000000000e+00 8.755000000000000560e-01
6.644768813236271443e-01 1.000000000000000000e+00 5.000000000000000000e+00 4.676300000000003898e+00
7.157118556132885390e-01 2.000000000000000000e+00 4.000000000000000000e+00 3.608200000000000962e+00
7.380290701649740992e-01 2.000000000000000000e+00 1.000000000000000000e+00 1.426199999999999912e+00
1.361090873395191525e-01 2.000000000000000000e+00 1.000000000000000000e+01 8.270000000000015117e-01
3.647784252483708411e-01 2.000000000000000000e+00 4.000000000000000000e+00 4.284440000000002691e+00
5.079598280970852864e-01 2.000000000000000000e+00 2.000000000000000000e+00 2.347599999999999909e+00
3.788646721447489485e-01 2.000000000000000000e+00 7.000000000000000000e+00 3.928920000000003299e+00
6.175704732570237443e-01 0.000000000000000000e+00 5.000000000000000000e+00 3.485920000000001906e+00
3.794259456690660115e-01 1.000000000000000000e+00 7.000000000000000000e+00 5.473800000000005106e+00
7.134412922710735572e-01 1.000000000000000000e+00 4.000000000000000000e+00 3.643440000000002676e+00
2.811213406809857096e-01 2.000000000000000000e+00 1.000000000000000000e+01 6.056520000000006121e+00
7.689363928741820287e-01 3.000000000000000000e+00 5.000000000000000000e+00 1.890700000000000047e+00
7.163609059178558391e-01 1.000000000000000000e+00 4.000000000000000000e+00 3.939520000000002575e+00
3.796778515476679217e-01 0.000000000000000000e+00 5.000000000000000000e+00 4.826000000000004064e+00
8.880671420892992662e-01 2.000000000000000000e+00 5.000000000000000000e+00 2.183980000000000032e+00
6.756289572787963493e-01 2.000000000000000000e+00 6.000000000000000000e+00 4.502000000000003332e+00
6.734367834247440010e-01 2.000000000000000000e+00 5.000000000000000000e+00 4.391400000000002635e+00
4.451911618328472375e-01 0.000000000000000000e+00 4.000000000000000000e+00 3.169040000000001633e+00
8.907271016500786232e-01 1.000000000000000000e+00 5.000000000000000000e+00 2.403220000000001022e+00
7.744470553578818306e-01 1.000000000000000000e+00 4.000000000000000000e+00 2.146700000000000053e+00
5.448075241657986956e-01 3.000000000000000000e+00 5.000000000000000000e+00 2.817800000000000082e+00
1.676472462674973019e-01 0.000000000000000000e+00 1.100000000000000000e+01 6.936200000000006582e+00
6.956901160413052621e-01 3.000000000000000000e+00 2.000000000000000000e+00 1.208699999999999664e+00
7.304758360713423659e-01 2.000000000000000000e+00 4.000000000000000000e+00 2.381600000000000605e+00
7.399487163283743341e-01 1.000000000000000000e+00 4.000000000000000000e+00 3.258800000000000807e+00
7.692687873899235473e-01 1.000000000000000000e+00 4.000000000000000000e+00 3.152100000000000790e+00
5.159903200654613054e-01 0.000000000000000000e+00 5.000000000000000000e+00 2.714800000000000324e+00
2.110462377564830405e-01 5.000000000000000000e+00 1.100000000000000000e+01 3.459300000000001596e+00
8.122234828405094920e-01 2.000000000000000000e+00 4.000000000000000000e+00 3.124600000000002264e+00
4.449806758604828993e-01 2.000000000000000000e+00 7.000000000000000000e+00 3.915920000000002954e+00
3.704647894893849935e-01 2.000000000000000000e+00 9.000000000000000000e+00 4.246500000000002828e+00
6.897539142834708814e-01 0.000000000000000000e+00 3.000000000000000000e+00 3.486420000000002517e+00
5.417624275928406563e-01 3.000000000000000000e+00 7.000000000000000000e+00 3.074000000000001620e+00
4.812284011660376004e-01 1.000000000000000000e+00 7.000000000000000000e+00 4.178600000000002979e+00
1.390200900321026667e-01 2.000000000000000000e+00 1.500000000000000000e+01 6.605800000000006555e+00
