6.461402593610322542e-01 0.000000000000000000e+00 6.000000000000000000e+00 3.820100000000002716e+00
4.385603407786914376e-01 3.000000000000000000e+00 7.000000000000000000e+00 3.560000000000008713e-01
6.660384842813753536e-01 3.000000000000000000e+00 5.000000000000000000e+00 3.267340000000000799e+00
7.754799766051400089e-01 3.000000000000000000e+00 4.000000000000000000e+00 1.030199999999999338e+00
6.715843719947417467e-01 2.000000000000000000e+00 7.000000000000000000e+00 3.440700000000001424e+00
4.381249202888878314e-01 0.000000000000000000e+00 8.000000000000000000e+00 3.962700000000002554e+00
1.735643864602373909e-01 2.000000000000000000e+00 1.200000000000000000e+01 8.948000000000002174e+00
8.424584892829000138e-01 0.000000000000000000e+00 4.000000000000000000e+00 3.917520000000003222e+00
5.868909575183275384e-01 3.000000000000000000e+00 6.000000000000000000e+00 2.488079999999999181e+00
3.836093831900449502e-01 1.000000000000000000e+00 1.000000000000000000e+01 5.308200000000005581e+00
3.796862457034650973e-01 3.000000000000000000e+00 8.000000000000000000e+00 3.660600000000002296e+00
8.763386757061218946e-01 1.000000000000000000e+00 3.000000000000000000e+00 3.514500000000000846e+00
7.492067730274069026e-01 1.000000000000000000e+00 4.000000000000000000e+00 3.828940000000002897e+00
4.602461813450366424e-01 1.000000000000000000e+00 7.000000000000000000e+00 4.317700000000003868e+00
5.953301615482957665e-01 3.000000000000000000e+00 8.000000000000000000e+00 2.830300000000001148e+00
6.244771880643876782e-01 3.000000000000000000e+00 8.000000000000000000e+00 2.050100000000000922e+00
5.765709807426997457e-01 1.000000000000000000e+00 4.000000000000000000e+00 4.418100000000002581e+00
5.866661420099650304e-01 2.000000000000000000e+00 5.000000000000000000e+00 1.096739999999999826e+00
3.487320646413408221e-01 2.000000000000000000e+00 1.000000000000000000e+01 4.588600000000004009e+00
6.990736026363058020e-01 0.000000000000000000e+00 4.000000000000000000e+00 4.901100000000004897e+00
7.898834049027826376e-01 3.000000000000000000e+00 5.000000000000000000e+00 2.983400000000000496e+00
4.030156455351280864e-01 2.000000000000000000e+00 6.000000000000000000e+00 5.722900000000004539e+00
8.794576573550538789e-01 2.000000000000000000e+00 4.000000000000000000e+00 1.737900000000000000e+00
6.893709827759431086e-01 0.000000000000000000e+00 1.000000000000000000e+00 3.580120000000001745e+00
5.970724333910204518e-01 2.000000000000000000e+00 6.000000000000000000e+00 3.481040000000001022e+00
5.882595825710713600e-01 3.000000000000000000e+00 7.000000000000000000e+00 3.502640000000000420e+00
5.531736314860865589e-01 1.000000000000000000e+00 7.000000000000000000e+00 1.918479999999999741e+00
6.114288587578938783e-01 3.000000000000000000e+00 6.000000000000000000e+00 2.707500000000000462e+00
5.300477203947829841e-01 0.000000000000000000e+00 6.000000000000000000e+00 3.581980000000002384e+00
3.326839847577514608e-01 0.000000000000000000e+00 7.000000000000000000e+00 5.797200000000003683e+00
7.492033741541793690e-01 2.000000000000000000e+00 3.000000000000000000e+00 2.821000000000000618e+00
8.048617853648983023e-02 7.000000000000000000e+00 1.400000000000000000e+01 1.918600000000001859e+00
3.727559382372349628e-01 3.000000000000000000e+00 8.000000000000000000e+00 4.023800000000003152e+00
6.137586343389468402e-01 3.000000000000000000e+00 6.000000000000000000e+00 3.399580000000001156e+00
4.241322227249200716e-01 3.000000000000000000e+00 1.000000000000000000e+01 3.181300000000002459e+00
6.150631212847313956e-01 0.000000000000000000e+00 0.000000000000000000e+00 4.370100000000003426e+00
6.009534602811887893e-01 2.000000000000000000e+00 9.000000000000000000e+00 2.573100000000000165e+00
7.572884989807202594e-01 2.000000000000000000e+00 5.000000000000000000e+00 3.069520000000001581e+00
4.613473878037711584e-01 2.000000000000000000e+00 5.000000000000000000e+00 4.882600000000003604e+00
5.698017307315226265e-01 3.000000000000000000e+00 6.000000000000000000e+00 2.816600000000000215e+00
5.401873354989504827e-01 1.000000000000000000e+00 8.000000000000000000e+00 4.910300000000004772e+00
5.756719627819335550e-01 3.000000000000000000e+00 8.000000000000000000e+00 3.202100000000001501e+00
5.654258597114791840e-01 2.000000000000000000e+00 5.000000000000000000e+00 3.022120000000001028e+00
7.245646973617976272e-01 1.000000000000000000e+00 2.000000000000000000e+00 4.994680000000006004e+00
2.432635231507271900e-01 0.000000000000000000e+00 7.000000000000000000e+00 5.549100000000005473e+00
6.692654481184131532e-01 2.000000000000000000e+00 4.000000000000000000e+00 4.917940000000002421e+00
4.456087296121171715e-01 2.000000000000000000e+00 5.000000000000000000e+00 3.611100000000001309e+00
7.658877914401026610e-01 2.000000000000000000e+00 4.000000000000000000e+00 3.169900000000000162e+00
8.606529220307558292e-01 1.000000000000000000e+00 6.000000000000000000e+00 3.264000000000001123e+00
2.693731893982134751e-01 4.000000000000000000e+00 1.200000000000000000e+01 3.306800000000000850e+00
3.770726501700329414e-01 2.000000000000000000e+00 6.000000000000000000e+00 6.059900000000006060e+00
5.079598280970852864e-01 2.000000000000000000e+00 2.000000000000000000e+00 2.347599999999999909e+00
5.707665357932287797e-01 1.000000000000000000e+00 2.000000000000000000e+00 3.297700000000001630e+00
3.401347067617981890e-01 3.000000000000000000e+00 9.000000000000000000e+00 2.863400000000000389e+00
4.657943703542301028e-01 3.000000000000000000e+00 6.000000000000000000e+00 2.753499999999999837e+00
3.983178316657449147e-01 3.000000000000000000e+00 8.000000000000000000e+00 3.779700000000001836e+00
5.167646502687183174e-01 2.000000000000000000e+00 6.000000000000000000e+00 4.451300000000003365e+00
5.253585553219056736e-01 1.000000000000000000e+00 8.000000000000000000e+00 5.116180000000005279e+00
3.975648396327044476e-01 2.000000000000000000e+00 1.000000000000000000e+01 2.320400000000000240e+00
7.472243197930101832e-01 2.000000000000000000e+00 5.000000000000000000e+00 2.978500000000001258e+00
7.033138948233892407e-01 1.000000000000000000e+00 1.000000000000000000e+00 2.713100000000000733e+00
2.810783959004743982e-01 5.000000000000000000e+00 9.000000000000000000e+00 6.503999999999987569e-01
6.642345765786562550e-01 0.000000000000000000e+00 6.000000000000000000e+00 2.175999999999999268e+00
5.740413637545563885e-01 3.000000000000000000e+00 7.000000000000000000e+00 2.439899999999999736e+00
7.749075139034469206e-01 1.000000000000000000e+00 3.000000000000000000e+00 3.387800000000002143e+00
5.191857728179444242e-01 2.000000000000000000e+00 7.000000000000000000e+00 1.333199999999999719e+00
1.634875372351693723e-01 6.000000000000000000e+00 1.000000000000000000e+01 9.379999999999977245e-02
6.903529971802189191e-01 3.000000000000000000e+00 3.000000000000000000e+00 3.405580000000001384e+00
7.843772098215975319e-01 2.000000000000000000e+00 1.000000000000000000e+00 1.994779999999999776e+00
5.385534208535603939e-01 2.000000000000000000e+00 6.000000000000000000e+00 4.387020000000003250e+00
8.331315649637396348e-01 1.000000000000000000e+00 5.000000000000000000e+00 4.393880000000002894e+00
6.636180894169187994e-01 2.000000000000000000e+00 6.000000000000000000e+00 3.731840000000002711e+00
8.575865217203283430e-01 2.000000000000000000e+00 5.000000000000000000e+00 3.299420000000001352e+00
1.198258974041772895e-01 6.000000000000000000e+00 1.300000000000000000e+01 4.639500000000003510e+00
4.255200062893122470e-01 2.000000000000000000e+00 8.000000000000000000e+00 4.649100000000003341e+00
6.681582404809086606e-01 1.000000000000000000e+00 4.000000000000000000e+00 5.520700000000005048e+00
3.463391114330279796e-01 3.000000000000000000e+00 8.000000000000000000e+00 2.821000000000000618e+00
5.418242554968435432e-01 4.000000000000000000e+00 6.000000000000000000e+00 2.647800000000000153e+00
5.462607087552964202e-01 1.000000000000000000e+00 5.000000000000000000e+00 2.663780000000000925e+00
7.163609059178558391e-01 1.000000000000000000e+00 4.000000000000000000e+00 3.939520000000002575e+00
4.360939060506743847e-01 3.000000000000000000e+00 9.000000000000000000e+00 2.622900000000003118e+00
8.690719963231220424e-01 1.000000000000000000e+00 5.000000000000000000e+00 3.239300000000000956e+00
4.157526462554520519e-01 2.000000000000000000e+00 1.000000000000000000e+01 4.844300000000003159e+00
8.160674526704673193e-01 2.000000000000000000e+00 2.000000000000000000e+00 2.201299999999999812e+00
4.694002641526838771e-01 2.000000000000000000e+00 4.000000000000000000e+00 2.980380000000001139e+00
5.442622228950614316e-01 3.000000000000000000e+00 7.000000000000000000e+00 1.445400000000000018e+00
6.901054721063855091e-01 1.000000000000000000e+00 7.000000000000000000e+00 3.821100000000002161e+00
6.333409308361497292e-01 3.000000000000000000e+00 7.000000000000000000e+00 1.690300000000000802e+00
6.553753903214446508e-01 2.000000000000000000e+00 3.000000000000000000e+00 5.013040000000002827e+00
6.486005621233903451e-01 1.000000000000000000e+00 7.000000000000000000e+00 2.327899999999999636e+00
3.559555692291821449e-01 1.000000000000000000e+00 4.000000000000000000e+00 4.091100000000003512e+00
9.329879187134766383e-01 1.000000000000000000e+00 3.000000000000000000e+00 3.796500000000002650e+00
3.201015087097846545e-01 4.000000000000000000e+00 1.200000000000000000e+01 2.194299999999999251e+00
7.527357591566501416e-01 2.000000000000000000e+00 6.000000000000000000e+00 4.422820000000003304e+00
7.310140206327827572e-01 1.000000000000000000e+00 3.000000000000000000e+00 4.972200000000005282e+00
4.946471391821595232e-01 1.000000000000000000e+00 7.000000000000000000e+00 3.949100000000002275e+00
3.723054834176417471e-01 3.000000000000000000e+00 8.000000000000000000e+00 3.180920000000001302e+00
5.271867113707198182e-01 1.000000000000000000e+00 3.000000000000000000e+00 3.798600000000002197e+00
3.214056259736216559e-01 0.000000000000000000e+00 7.000000000000000000e+00 5.395100000000005558e+00
4.098851600206369072e-01 1.000000000000000000e+00 5.000000000000000000e+00 6.505920000000005032e+00
4.781676605766543298e-01 3.000000000000000000e+00 7.000000000000000000e+00 2.687280000000000335e+00
6.021773242656089931e-01 3.000000000000000000e+00 8.000000000000000000e+00 2.087600000000000566e+00
8.378835994990445624e-01 1.000000000000000000e+00 3.000000000000000000e+00 1.917299999999999782e+00
6.238935446065899670e-01 3.000000000000000000e+00 5.000000000000000000e+00 4.089000000000002188e+00
1.935041016571077688e-01 5.000000000000000000e+00 1.200000000000000000e+01 3.501800000000002022e+00
4.693549882952490759e-01 1.000000000000000000e+00 7.000000000000000000e+00 4.267420000000002211e+00
6.067418931766179746e-01 3.000000000000000000e+00 4.000000000000000000e+00 1.619399999999999507e+00
6.996452812674511801e-01 2.000000000000000000e+00 3.000000000000000000e+00 4.761600000000003163e+00
8.246132285351863711e-01 1.000000000000000000e+00 2.000000000000000000e+00 6.223400000000001153e-01
8.633265348835489350e-01 2.000000000000000000e+00 4.000000000000000000e+00 2.771200000000001218e+00
5.173791446023027207e-01 2.000000000000000000e+00 6.000000000000000000e+00 2.093299999999999716e+00
5.688205320106731744e-01 1.000000000000000000e+00 5.000000000000000000e+00 2.775600000000002510e+00
7.829183532148834557e-01 1.000000000000000000e+00 7.000000000000000000e+00 2.971800000000001774e+00
6.131898011975541740e-01 3.000000000000000000e+00 4.000000000000000000e+00 4.018600000000002836e+00
5.643921738438304470e-01 2.000000000000000000e+00 6.000000000000000000e+00 1.264379999999999171e+00
6.165858359655955745e-01 1.000000000000000000e+00 3.000000000000000000e+00 4.180900000000002059e+00
4.587096021335750895e-01 2.000000000000000000e+00 5.000000000000000000e+00 2.696600000000000996e+00
8.277341966727608247e-01 1.000000000000000000e+00 6.000000000000000000e+00 2.990800000000001013e+00
8.400316005559811394e-01 1.000000000000000000e+00 6.000000000000000000e+00 3.403100000000001124e+00
3.675403414186960704e-01 0.000000000000000000e+00 8.000000000000000000e+00 5.272300000000004871e+00
9.101661938211235148e-01 1.000000000000000000e+00 5.000000000000000000e+00 2.428980000000000139e+00
5.909950587610577344e-01 3.000000000000000000e+00 7.000000000000000000e+00 3.317600000000001437e+00
3.733202634421934896e-01 2.000000000000000000e+00 8.000000000000000000e+00 4.245000000000002771e+00
5.825242347593598824e-01 2.000000000000000000e+00 9.000000000000000000e+00 4.062640000000002694e+00
5.844860779881329016e-01 2.000000000000000000e+00 9.000000000000000000e+00 2.567099999999999937e+00
3.755024611767223131e-01 2.000000000000000000e+00 6.000000000000000000e+00 5.763700000000003598e+00
6.634881818264520836e-01 0.000000000000000000e+00 1.000000000000000000e+00 4.233520000000002170e+00
5.952324518842082579e-01 3.000000000000000000e+00 6.000000000000000000e+00 2.611499999999999488e+00
5.440332541397716604e-01 0.000000000000000000e+00 7.000000000000000000e+00 4.235600000000004250e+00
5.126986445572673246e-01 1.000000000000000000e+00 7.000000000000000000e+00 5.151820000000002509e+00
5.152290434659561047e-01 3.000000000000000000e+00 8.000000000000000000e+00 3.218300000000001049e+00
4.424298393248676797e-01 1.000000000000000000e+00 8.000000000000000000e+00 6.082120000000006854e+00
5.232863264550535742e-01 2.000000000000000000e+00 5.000000000000000000e+00 2.223499999999999588e+00
8.225891500498626607e-01 2.000000000000000000e+00 3.000000000000000000e+00 1.946599999999999886e+00
4.260401548039735586e-01 3.000000000000000000e+00 5.000000000000000000e+00 2.938700000000000756e+00
6.705371881787790533e-01 1.000000000000000000e+00 7.000000000000000000e+00 3.081100000000001060e+00
5.822513270847503586e-01 1.000000000000000000e+00 6.000000000000000000e+00 4.408100000000003682e+00
5.296250020792139246e-01 2.000000000000000000e+00 6.000000000000000000e+00 3.638000000000000789e+00
7.751645749396510743e-01 1.000000000000000000e+00 5.000000000000000000e+00 3.933300000000001795e+00
7.903106458415383173e-01 0.000000000000000000e+00 5.000000000000000000e+00 4.660600000000004073e+00
8.173307365183630768e-01 2.000000000000000000e+00 3.000000000000000000e+00 1.229519999999999724e+00
7.313315550345931282e-01 2.000000000000000000e+00 5.000000000000000000e+00 3.458800000000001873e+00
5.021713977234061321e-01 3.000000000000000000e+00 4.000000000000000000e+00 3.967400000000001370e+00
5.611539666802216608e-01 2.000000000000000000e+00 9.000000000000000000e+00 2.273499999999999854e+00
6.297984240622782615e-01 2.000000000000000000e+00 7.000000000000000000e+00 1.400699999999999390e+00
7.996787783250496329e-01 1.000000000000000000e+00 4.000000000000000000e+00 3.466380000000000905e+00
8.511488322062406020e-01 1.000000000000000000e+00 6.000000000000000000e+00 2.487300000000000288e+00
7.023951954740939030e-01 0.000000000000000000e+00 3.000000000000000000e+00 2.687700000000000422e+00
5.143016955731359863e-01 2.000000000000000000e+00 5.000000000000000000e+00 3.353200000000001957e+00
6.616755548433177481e-01 1.000000000000000000e+00 2.000000000000000000e+00 4.336520000000002817e+00
6.060366728635360190e-01 2.000000000000000000e+00 6.000000000000000000e+00 3.063020000000001630e+00
5.697258596684273702e-01 2.000000000000000000e+00 2.000000000000000000e+00 4.246680000000003119e+00
7.639757614487598936e-01 1.000000000000000000e+00 5.000000000000000000e+00 2.176899999999999835e+00
3.370267533327346299e-01 1.000000000000000000e+00 5.000000000000000000e+00 4.932300000000004125e+00
6.106994620294415865e-01 2.000000000000000000e+00 6.000000000000000000e+00 1.307099999999999707e+00
7.605222219596984301e-01 1.000000000000000000e+00 4.000000000000000000e+00 3.493420000000001302e+00
8.571370985782789109e-01 2.000000000000000000e+00 6.000000000000000000e+00 2.566400000000000681e+00
9.252679860581654037e-01 1.000000000000000000e+00 4.000000000000000000e+00 2.901700000000000834e+00
7.833617837612939505e-01 1.000000000000000000e+00 5.000000000000000000e+00 3.270300000000001539e+00
4.630461526225883584e-01 4.000000000000000000e+00 9.000000000000000000e+00 3.605999999999996430e-01
7.711850955719793399e-01 1.000000000000000000e+00 5.000000000000000000e+00 4.025800000000002932e+00
2.562288158256891824e-01 0.000000000000000000e+00 8.000000000000000000e+00 6.387400000000006628e+00
4.784790713553875863e-01 2.000000000000000000e+00 7.000000000000000000e+00 4.410400000000002763e+00
6.395257442251707225e-01 1.000000000000000000e+00 2.000000000000000000e+00 5.406500000000005635e+00
4.517920687997295515e-01 0.000000000000000000e+00 7.000000000000000000e+00 4.782600000000004847e+00
4.980201122014516479e-01 0.000000000000000000e+00 6.000000000000000000e+00 2.911120000000001262e+00
5.532016818504914557e-01 1.000000000000000000e+00 4.000000000000000000e+00 4.776220000000003019e+00
6.384251310064116280e-01 3.000000000000000000e+00 3.000000000000000000e+00 3.763000000000001677e+00
7.285632702864911492e-01 3.000000000000000000e+00 4.000000000000000000e+00 3.183420000000001693e+00
6.773504085567708666e-01 0.000000000000000000e+00 3.000000000000000000e+00 4.553800000000004289e+00
5.650192357083682060e-01 3.000000000000000000e+00 9.000000000000000000e+00 2.482700000000001239e+00
5.865139760609293651e-01 3.000000000000000000e+00 6.000000000000000000e+00 1.220699999999999452e+00
6.108781501113813572e-01 2.000000000000000000e+00 6.000000000000000000e+00 4.293800000000003614e+00
5.754108874418276676e-01 2.000000000000000000e+00 5.000000000000000000e+00 2.965820000000000789e+00
8.005401919453991599e-01 1.000000000000000000e+00 3.000000000000000000e+00 3.713940000000001795e+00
9.373881496048880324e-01 1.000000000000000000e+00 4.000000000000000000e+00 2.867080000000000517e+00
7.074404947365282581e-01 1.000000000000000000e+00 5.000000000000000000e+00 5.001100000000004542e+00
7.594432549357207352e-01 2.000000000000000000e+00 2.000000000000000000e+00 4.447900000000003295e+00
7.202924631983650405e-01 1.000000000000000000e+00 8.000000000000000000e+00 3.055900000000001171e+00
8.377692157194603639e-02 5.000000000000000000e+00 1.600000000000000000e+01 6.967500000000008242e+00
6.152419923124683443e-01 1.000000000000000000e+00 4.000000000000000000e+00 4.778240000000002929e+00
8.020452564276274732e-01 1.000000000000000000e+00 3.000000000000000000e+00 2.391280000000000072e+00
6.428520844522139788e-01 1.000000000000000000e+00 5.000000000000000000e+00 4.399500000000004185e+00
7.506812688883187645e-01 1.000000000000000000e+00 7.000000000000000000e+00 3.078800000000001980e+00
4.734930496002884293e-01 2.000000000000000000e+00 8.000000000000000000e+00 4.456500000000003681e+00
4.150908019488763756e-01 3.000000000000000000e+00 7.000000000000000000e+00 3.137780000000001568e+00
8.516371541172785831e-01 1.000000000000000000e+00 4.000000000000000000e+00 3.532800000000002605e+00
7.821813827096851801e-01 1.000000000000000000e+00 5.000000000000000000e+00 4.274920000000002496e+00
5.505828332513883483e-01 2.000000000000000000e+00 7.000000000000000000e+00 3.895500000000002849e+00
6.181753985491489356e-01 2.000000000000000000e+00 8.000000000000000000e+00 3.037100000000000577e+00
7.515159753061997350e-01 1.000000000000000000e+00 5.000000000000000000e+00 7.357999999999993435e-01
5.166893132340431016e-01 2.000000000000000000e+00 1.000000000000000000e+01 5.219900000000005313e+00
7.832884101493061690e-01 1.000000000000000000e+00 5.000000000000000000e+00 4.819400000000004347e+00
5.537564916410073756e-01 2.000000000000000000e+00 6.000000000000000000e+00 4.408800000000002939e+00
2.186842578746287791e-01 5.000000000000000000e+00 1.100000000000000000e+01 1.739599999999998703e+00
4.633512966047284576e-01 0.000000000000000000e+00 8.000000000000000000e+00 3.448500000000002785e+00
7.096190277411539293e-01 0.000000000000000000e+00 5.000000000000000000e+00 5.440800000000004744e+00
4.428452744049379830e-01 3.000000000000000000e+00 1.100000000000000000e+01 4.880700000000004479e+00
5.162049478255578139e-01 1.000000000000000000e+00 9.000000000000000000e+00 4.159320000000002793e+00
5.952699656937530115e-01 2.000000000000000000e+00 3.000000000000000000e+00 3.224400000000001043e+00
6.020338631500020687e-01 3.000000000000000000e+00 7.000000000000000000e+00 3.849240000000001771e+00
4.321133546820267735e-01 0.000000000000000000e+00 7.000000000000000000e+00 4.407900000000003260e+00
8.496158919098748541e-01 2.000000000000000000e+00 4.000000000000000000e+00 1.722899999999999654e+00
4.346414699666815706e-01 3.000000000000000000e+00 6.000000000000000000e+00 8.484000000000011532e-01
4.070367002599328821e-01 2.000000000000000000e+00 8.000000000000000000e+00 5.413220000000004362e+00
4.024631972276697112e-01 0.000000000000000000e+00 8.000000000000000000e+00 4.876120000000004673e+00
2.774133439376549326e-01 2.000000000000000000e+00 4.000000000000000000e+00 2.899799999999999933e+00
6.179260608605602334e-01 2.000000000000000000e+00 6.000000000000000000e+00 3.444120000000001625e+00
7.726688191522725901e-01 1.000000000000000000e+00 3.000000000000000000e+00 1.901499999999999746e+00
8.708611857019222802e-01 2.000000000000000000e+00 5.000000000000000000e+00 3.596000000000001862e+00
7.845719910704803679e-01 1.000000000000000000e+00 4.000000000000000000e+00 2.606800000000000672e+00
4.636643760262005309e-01 2.000000000000000000e+00 7.000000000000000000e+00 1.904999999999999583e+00
3.833380468933411112e-01 1.000000000000000000e+00 1.100000000000000000e+01 3.876320000000003319e+00
2.952921043536588797e-01 3.000000000000000000e+00 7.000000000000000000e+00 -5.391999999999990134e-01
6.027885397158543324e-01 3.000000000000000000e+00 4.000000000000000000e+00 1.217999999999999083e+00
2.163905327545646573e-01 4.000000000000000000e+00 9.000000000000000000e+00 2.985970000000000901e+00
6.426271710166692186e-01 3.000000000000000000e+00 5.000000000000000000e+00 4.520300000000003315e+00
4.637535306291197257e-01 0.000000000000000000e+00 6.000000000000000000e+00 3.795500000000003205e+00
7.453178299856269007e-01 1.000000000000000000e+00 1.000000000000000000e+00 2.453800000000000203e+00
3.894161626296460676e-01 2.000000000000000000e+00 7.000000000000000000e+00 4.590320000000003731e+00
2.628234200956571232e-01 4.000000000000000000e+00 1.100000000000000000e+01 2.866900000000001558e+00
7.509863232707294500e-01 1.000000000000000000e+00 6.000000000000000000e+00 4.282800000000002605e+00
3.970152193556386599e-01 2.000000000000000000e+00 5.000000000000000000e+00 4.365320000000002310e+00
4.742400749700816931e-01 3.000000000000000000e+00 8.000000000000000000e+00 4.366200000000002746e+00
3.458469451163846964e-01 1.000000000000000000e+00 8.000000000000000000e+00 5.122900000000004894e+00
4.800735134593649422e-01 1.000000000000000000e+00 4.000000000000000000e+00 4.944640000000004143e+00
4.689892092122966982e-01 2.000000000000000000e+00 6.000000000000000000e+00 2.247379999999999711e+00
3.103203848328888736e-01 4.000000000000000000e+00 1.600000000000000000e+01 4.107400000000004603e+00
5.623964995202463957e-01 2.000000000000000000e+00 7.000000000000000000e+00 3.896100000000003227e+00
6.885051514587277044e-01 3.000000000000000000e+00 4.000000000000000000e+00 3.608400000000001384e+00
6.326173123272913479e-01 1.000000000000000000e+00 1.000000000000000000e+00 3.229900000000001548e+00
5.226822861658236841e-01 3.000000000000000000e+00 8.000000000000000000e+00 3.337600000000001899e+00
6.591305358305362683e-01 1.000000000000000000e+00 7.000000000000000000e+00 2.292400000000000659e+00
7.502082679730778247e-01 1.000000000000000000e+00 2.000000000000000000e+00 4.236000000000003318e+00
5.977357659937434509e-01 1.000000000000000000e+00 4.000000000000000000e+00 4.312420000000003029e+00
5.424463759003879115e-01 1.000000000000000000e+00 3.000000000000000000e+00 5.211340000000003414e+00
4.924469619752718796e-01 1.000000000000000000e+00 3.000000000000000000e+00 3.935100000000002929e+00
7.932477446492289808e-01 0.000000000000000000e+00 2.000000000000000000e+00 1.773699999999999832e+00
7.142410837976366222e-01 1.000000000000000000e+00 2.000000000000000000e+00 4.523900000000003807e+00
7.980930629779905416e-01 3.000000000000000000e+00 3.000000000000000000e+00 1.674999999999999378e+00
5.785728844700820384e-01 3.000000000000000000e+00 9.000000000000000000e+00 2.092600000000001348e+00
5.491930750872647815e-01 1.000000000000000000e+00 6.000000000000000000e+00 3.829600000000001891e+00
6.757916364888925109e-01 0.000000000000000000e+00 6.000000000000000000e+00 3.368500000000001826e+00
7.227517735358317541e-01 2.000000000000000000e+00 4.000000000000000000e+00 2.255300000000000082e+00
7.112405999389009859e-01 1.000000000000000000e+00 1.000000000000000000e+00 3.372320000000001983e+00
8.861280901991864800e-01 2.000000000000000000e+00 4.000000000000000000e+00 3.416700000000001403e+00
5.451603946561850433e-01 1.000000000000000000e+00 8.000000000000000000e+00 3.473700000000001786e+00
4.871624324764734504e-01 0.000000000000000000e+00 5.000000000000000000e+00 4.878100000000004322e+00
7.422993615856684491e-01 2.000000000000000000e+00 1.000000000000000000e+00 1.303080000000000016e+00
3.432221267033973011e-01 3.000000000000000000e+00 1.300000000000000000e+01 2.925200000000001133e+00
1.334070362172129764e-01 1.000000000000000000e+00 1.800000000000000000e+01 7.049000000000007482e+00
2.185917622394334403e-01 0.000000000000000000e+00 9.000000000000000000e+00 5.811400000000005228e+00
2.854344117822863458e-01 3.000000000000000000e+00 1.500000000000000000e+01 3.705400000000001803e+00
2.422243408413281562e-01 4.000000000000000000e+00 8.000000000000000000e+00 8.294699999999999296e-01
5.848802405458047859e-01 2.000000000000000000e+00 5.000000000000000000e+00 2.507819999999999716e+00
5.004564356679511716e-01 1.000000000000000000e+00 0.000000000000000000e+00 1.082689999999999930e+00
5.737360570918639269e-01 2.000000000000000000e+00 8.000000000000000000e+00 3.294920000000001181e+00
5.965996383803311431e-01 3.000000000000000000e+00 5.000000000000000000e+00 4.488760000000003636e+00
7.701737793320904135e-01 1.000000000000000000e+00 3.000000000000000000e+00 2.029439999999999689e+00
6.656235641878138765e-01 0.000000000000000000e+00 1.000000000000000000e+00 1.484419999999999851e+00
6.012134175794454638e-01 1.000000000000000000e+00 4.000000000000000000e+00 4.591300000000003045e+00
5.124473803818598849e-01 2.000000000000000000e+00 6.000000000000000000e+00 4.924700000000004074e+00
4.443209762589220291e-01 0.000000000000000000e+00 1.200000000000000000e+01 4.339200000000004387e+00
6.110713069132558406e-01 0.000000000000000000e+00 7.000000000000000000e+00 4.010420000000003427e+00
5.968389616111594576e-01 4.000000000000000000e+00 8.000000000000000000e+00 2.135399999999999743e+00
6.572767811735804599e-01 2.000000000000000000e+00 1.000000000000000000e+00 2.408199999999999896e+00
6.453000450526282794e-01 3.000000000000000000e+00 5.000000000000000000e+00 2.225599999999999135e+00
7.503473198094103847e-01 2.000000000000000000e+00 1.000000000000000000e+00 2.145599999999999952e+00
4.436551053334259476e-01 2.000000000000000000e+00 8.000000000000000000e+00 4.171400000000001995e+00
3.098653948456754903e-01 2.000000000000000000e+00 1.000000000000000000e+01 6.193420000000005921e+00
3.771766639850903102e-01 3.000000000000000000e+00 8.000000000000000000e+00 3.651380000000001402e+00
8.607824582304970384e-01 2.000000000000000000e+00 2.000000000000000000e+00 3.035600000000000964e+00
8.083619105068289290e-01 2.000000000000000000e+00 3.000000000000000000e+00 1.678399999999999226e+00
5.666193355439148593e-01 1.000000000000000000e+00 7.000000000000000000e+00 1.220499999999999252e+00
8.475097090878264128e-01 2.000000000000000000e+00 4.000000000000000000e+00 3.119400000000000617e+00
4.084947617756588545e-01 0.000000000000000000e+00 5.000000000000000000e+00 5.276300000000004431e+00
7.478791140468301624e-01 0.000000000000000000e+00 1.000000000000000000e+00 3.253000000000001890e+00
5.340141318326192543e-01 2.000000000000000000e+00 7.000000000000000000e+00 3.153600000000001735e+00
6.369796828165120717e-01 1.000000000000000000e+00 7.000000000000000000e+00 4.363300000000003287e+00
5.167766182892166160e-01 2.000000000000000000e+00 6.000000000000000000e+00 3.935120000000002172e+00
6.458305052425695747e-01 3.000000000000000000e+00 5.000000000000000000e+00 3.139020000000000366e+00
6.207768353296899688e-01 2.000000000000000000e+00 4.000000000000000000e+00 5.262920000000001153e+00
8.111197147209138203e-01 3.000000000000000000e+00 4.000000000000000000e+00 2.523400000000000531e+00
5.213374816479530161e-01 4.000000000000000000e+00 4.000000000000000000e+00 3.076000000000000512e+00
8.309196205448278194e-01 1.000000000000000000e+00 2.000000000000000000e+00 7.209200000000000053e-01
4.321935629367720799e-01 2.000000000000000000e+00 8.000000000000000000e+00 5.167220000000004809e+00
5.970157136467622028e-01 1.000000000000000000e+00 4.000000000000000000e+00 3.709500000000001130e+00
5.867835913228366396e-01 2.000000000000000000e+00 6.000000000000000000e+00 3.894500000000003403e+00
1.963344171903590452e-01 0.000000000000000000e+00 9.000000000000000000e+00 6.530700000000006611e+00
8.843145878581440966e-01 2.000000000000000000e+00 5.000000000000000000e+00 2.898700000000001609e+00
6.557453058665344559e-01 1.000000000000000000e+00 0.000000000000000000e+00 1.234299999999999953e+00
8.356024039257240466e-01 1.000000000000000000e+00 6.000000000000000000e+00 2.680400000000000560e+00
6.685519696206392304e-01 3.000000000000000000e+00 6.000000000000000000e+00 3.142800000000002036e+00
3.077600114401515263e-01 4.000000000000000000e+00 1.200000000000000000e+01 2.286599999999999078e+00
5.511646021887749436e-01 2.000000000000000000e+00 0.000000000000000000e+00 5.001900000000004454e+00
4.138560785185786406e-01 2.000000000000000000e+00 8.000000000000000000e+00 1.140219999999999567e+00
8.540302270880285596e-01 1.000000000000000000e+00 4.000000000000000000e+00 2.191620000000000346e+00
7.653758944426068966e-01 2.000000000000000000e+00 4.000000000000000000e+00 2.371799999999999464e+00
5.533937370287898005e-01 3.000000000000000000e+00 7.000000000000000000e+00 1.476499999999999702e+00
5.624722357827982577e-01 1.000000000000000000e+00 0.000000000000000000e+00 -1.039700000000000513e+00
4.526837617991229523e-01 1.000000000000000000e+00 5.000000000000000000e+00 5.265900000000003800e+00
5.907651138887684006e-01 1.000000000000000000e+00 2.000000000000000000e+00 4.244500000000002160e+00
3.647784252483708411e-01 2.000000000000000000e+00 4.000000000000000000e+00 4.284440000000002691e+00
4.666154569787113737e-01 3.000000000000000000e+00 6.000000000000000000e+00 2.057599999999999874e+00
8.028246011733919385e-01 2.000000000000000000e+00 4.000000000000000000e+00 2.520399999999999530e+00
6.363741193724554712e-01 2.000000000000000000e+00 6.000000000000000000e+00 4.970340000000004643e+00
5.019253749526765285e-01 1.000000000000000000e+00 3.000000000000000000e+00 2.772740000000000649e+00
8.876547262539291605e-01 1.000000000000000000e+00 4.000000000000000000e+00 3.307700000000000529e+00
7.147443619914222168e-01 1.000000000000000000e+00 7.000000000000000000e+00 2.698400000000001242e+00
5.639467387838723589e-01 1.000000000000000000e+00 5.000000000000000000e+00 2.484520000000000728e+00
7.742360525362160795e-01 1.000000000000000000e+00 3.000000000000000000e+00 3.176720000000001320e+00
6.737745001111165033e-01 1.000000000000000000e+00 4.000000000000000000e+00 1.503800000000000026e+00
9.127014335600166506e-01 1.000000000000000000e+00 2.000000000000000000e+00 3.835520000000001595e+00
8.016562333969974308e-01 1.000000000000000000e+00 3.000000000000000000e+00 2.458279999999999355e+00
3.445789668099430991e-01 4.000000000000000000e+00 7.000000000000000000e+00 2.394200000000000106e+00
4.294493838869125057e-01 2.000000000000000000e+00 9.000000000000000000e+00 4.551200000000004131e+00
8.409799820444687768e-01 1.000000000000000000e+00 1.000000000000000000e+00 2.988200000000000855e+00
4.525131615495780468e-01 1.000000000000000000e+00 5.000000000000000000e+00 4.195200000000002483e+00
5.064548787284905984e-01 1.000000000000000000e+00 9.000000000000000000e+00 3.722580000000001554e+00
8.403175999534303608e-01 0.000000000000000000e+00 4.000000000000000000e+00 3.241200000000001857e+00
6.463917568152954818e-01 2.000000000000000000e+00 6.000000000000000000e+00 3.090900000000001313e+00
5.163157587714762853e-01 1.000000000000000000e+00 7.000000000000000000e+00 5.088000000000005407e+00
4.253582006069466792e-01 2.000000000000000000e+00 7.000000000000000000e+00 3.401080000000002102e+00
8.210842528605074575e-01 1.000000000000000000e+00 5.000000000000000000e+00 3.818600000000002659e+00
7.542966545666217604e-01 2.000000000000000000e+00 4.000000000000000000e+00 4.205520000000002590e+00
7.038936958101741359e-01 1.000000000000000000e+00 8.000000000000000000e+00 3.148200000000001886e+00
5.876854369091191188e-01 2.000000000000000000e+00 6.000000000000000000e+00 3.310500000000001997e+00
5.295102330335171859e-01 2.000000000000000000e+00 7.000000000000000000e+00 4.664340000000004594e+00
7.998531036451688170e-01 1.000000000000000000e+00 2.000000000000000000e+00 4.532600000000002183e+00
6.664872546971669642e-01 1.000000000000000000e+00 7.000000000000000000e+00 4.120700000000002028e+00
4.869645154778572405e-01 2.000000000000000000e+00 5.000000000000000000e+00 4.286900000000001931e+00
5.682280986950529744e-01 2.000000000000000000e+00 6.000000000000000000e+00 3.826020000000001531e+00
4.364262517188162716e-01 3.000000000000000000e+00 5.000000000000000000e+00 2.677999999999999936e+00
8.571565291687986976e-01 1.000000000000000000e+00 2.000000000000000000e+00 2.897800000000001042e+00
6.078472232845146817e-01 2.000000000000000000e+00 6.000000000000000000e+00 2.154599999999999849e+00
4.391641369825513008e-01 3.000000000000000000e+00 7.000000000000000000e+00 2.610399999999999388e+00
6.511152532712684016e-01 2.000000000000000000e+00 5.000000000000000000e+00 3.115900000000001668e+00
5.170489983001239631e-01 2.000000000000000000e+00 7.000000000000000000e+00 3.462020000000001652e+00
7.372960030252690977e-01 2.000000000000000000e+00 6.000000000000000000e+00 4.046040000000003189e+00
4.870586231413907563e-01 1.000000000000000000e+00 7.000000000000000000e+00 5.309100000000004371e+00
1.618741143026519169e-01 4.000000000000000000e+00 1.000000000000000000e+01 2.556100000000000261e+00
5.086442062138496478e-01 2.000000000000000000e+00 6.000000000000000000e+00 4.611420000000002517e+00
7.485195042459077408e-01 2.000000000000000000e+00 5.000000000000000000e+00 1.603700000000001014e+00
5.335779570519432191e-01 3.000000000000000000e+00 2.000000000000000000e+00 1.252189999999999914e+00
8.840807548844558106e-01 2.000000000000000000e+00 4.000000000000000000e+00 1.218599999999999461e+00
5.452995881240897402e-01 3.000000000000000000e+00 9.000000000000000000e+00 2.621800000000001241e+00
7.284567175491464264e-01 2.000000000000000000e+00 4.000000000000000000e+00 3.099000000000001087e+00
6.104763549882977758e-01 3.000000000000000000e+00 3.000000000000000000e+00 -3.984000000000004205e-01
6.255009640677332561e-01 0.000000000000000000e+00 4.000000000000000000e+00 2.841800000000000992e+00
4.654453209405146619e-01 2.000000000000000000e+00 7.000000000000000000e+00 5.155100000000004457e+00
7.609124399209444833e-01 2.000000000000000000e+00 3.000000000000000000e+00 2.060699999999999754e+00
4.429477724015861706e-01 3.000000000000000000e+00 6.000000000000000000e+00 2.365199999999999747e+00
6.016825276163219050e-01 1.000000000000000000e+00 7.000000000000000000e+00 5.559400000000005448e+00
5.950261967780848815e-01 2.000000000000000000e+00 1.000000000000000000e+00 1.350599999999999801e+00
8.418864167971544799e-01 0.000000000000000000e+00 2.000000000000000000e+00 2.747200000000001197e+00
5.805208039525383557e-01 1.000000000000000000e+00 7.000000000000000000e+00 5.380300000000005411e+00
6.609154895426871956e-01 0.000000000000000000e+00 6.000000000000000000e+00 4.435600000000003540e+00
6.012972528815786477e-01 2.000000000000000000e+00 4.000000000000000000e+00 3.774700000000001943e+00
6.382423260454933578e-01 2.000000000000000000e+00 7.000000000000000000e+00 2.131899999999999906e+00
8.208547527827770862e-01 1.000000000000000000e+00 7.000000000000000000e+00 2.490900000000000780e+00
6.706041916232743372e-01 2.000000000000000000e+00 4.000000000000000000e+00 4.893000000000002458e+00
8.138095128696987146e-01 2.000000000000000000e+00 1.000000000000000000e+00 2.009799999999999809e+00
4.470832194035967433e-01 1.000000000000000000e+00 8.000000000000000000e+00 4.359600000000003917e+00
6.081788409812344254e-01 2.000000000000000000e+00 6.000000000000000000e+00 3.055300000000001681e+00
6.929801625819068667e-01 2.000000000000000000e+00 5.000000000000000000e+00 3.682200000000002582e+00
4.421889726284570221e-01 3.000000000000000000e+00 7.000000000000000000e+00 2.854700000000001125e+00
1.342798123694505519e-01 1.000000000000000000e+00 1.500000000000000000e+01 7.014120000000006350e+00
3.991677486592506430e-01 3.000000000000000000e+00 8.000000000000000000e+00 5.290500000000003311e+00
6.218884117663150413e-01 3.000000000000000000e+00 6.000000000000000000e+00 3.062000000000000277e+00
5.191797089452100389e-01 3.000000000000000000e+00 8.000000000000000000e+00 3.641700000000002824e+00
8.375057924076362292e-01 2.000000000000000000e+00 6.000000000000000000e+00 2.577500000000000568e+00
4.696226041640945703e-01 1.000000000000000000e+00 9.000000000000000000e+00 4.789670000000004535e+00
5.819360012964275297e-01 1.000000000000000000e+00 7.000000000000000000e+00 1.825499999999999456e+00
5.011770453387708324e-01 1.000000000000000000e+00 6.000000000000000000e+00 3.232100000000001749e+00
3.312388051900211350e-01 2.000000000000000000e+00 5.000000000000000000e+00 3.940120000000002065e+00
8.727482759418376812e-01 1.000000000000000000e+00 1.000000000000000000e+00 3.657300000000001994e+00
5.296724860064073725e-01 1.000000000000000000e+00 7.000000000000000000e+00 3.570300000000001361e+00
2.939150654582937672e-01 2.000000000000000000e+00 1.000000000000000000e+01 4.203900000000004411e+00
8.181681390022110811e-01 1.000000000000000000e+00 1.000000000000000000e+00 3.525880000000001679e+00
6.511539328204539734e-01 2.000000000000000000e+00 4.000000000000000000e+00 4.135900000000003018e+00
5.044639349250445992e-01 1.000000000000000000e+00 8.000000000000000000e+00 4.176620000000002442e+00
7.080583492223407882e-01 0.000000000000000000e+00 5.000000000000000000e+00 2.658640000000000114e+00
4.491910264925607632e-01 2.000000000000000000e+00 7.000000000000000000e+00 2.866880000000000983e+00
8.410561542385522893e-01 0.000000000000000000e+00 3.000000000000000000e+00 1.383799999999999697e+00
5.579795495911108461e-01 2.000000000000000000e+00 6.000000000000000000e+00 1.801279999999998882e+00
6.506538712560775428e-01 2.000000000000000000e+00 6.000000000000000000e+00 7.752999999999997671e-01
7.918053413291344933e-01 0.000000000000000000e+00 4.000000000000000000e+00 4.894400000000003637e+00
6.146517161283981956e-01 0.000000000000000000e+00 5.000000000000000000e+00 4.216640000000002608e+00
5.557062525173719347e-01 0.000000000000000000e+00 5.000000000000000000e+00 2.618300000000000516e+00
7.755040850955875475e-01 1.000000000000000000e+00 6.000000000000000000e+00 4.491620000000002833e+00
8.639190651701680324e-01 2.000000000000000000e+00 3.000000000000000000e+00 6.633000000000002228e-01
5.561569800225805160e-01 2.000000000000000000e+00 4.000000000000000000e+00 2.313979999999999926e+00
5.443703677937237195e-01 1.000000000000000000e+00 4.000000000000000000e+00 4.302100000000002034e+00
8.058125824010972105e-01 1.000000000000000000e+00 3.000000000000000000e+00 3.245440000000001213e+00
7.659854169237918786e-02 6.000000000000000000e+00 9.000000000000000000e+00 -2.904999999999993143e+00
6.812402562999568811e-01 1.000000000000000000e+00 7.000000000000000000e+00 3.893400000000002414e+00
8.466422924975913755e-01 1.000000000000000000e+00 4.000000000000000000e+00 4.367400000000003502e+00
7.593452850579149871e-01 1.000000000000000000e+00 6.000000000000000000e+00 4.425600000000003753e+00
4.564002248921443794e-01 1.000000000000000000e+00 5.000000000000000000e+00 2.305000000000001492e+00
7.740537786642270879e-01 2.000000000000000000e+00 3.000000000000000000e+00 2.870400000000001395e+00
4.878227952892107422e-01 2.000000000000000000e+00 8.000000000000000000e+00 3.132500000000002061e+00
8.355463457840216490e-01 2.000000000000000000e+00 5.000000000000000000e+00 2.939420000000000144e+00
4.048715449171952918e-01 3.000000000000000000e+00 6.000000000000000000e+00 3.667400000000001548e+00
5.774884301595453184e-01 3.000000000000000000e+00 5.000000000000000000e+00 3.365200000000001523e+00
7.539518102295441615e-01 2.000000000000000000e+00 8.000000000000000000e+00 1.129699999999999926e+00
8.053282652907257644e-01 2.000000000000000000e+00 5.000000000000000000e+00 2.763500000000000512e+00
4.432014190995003933e-01 2.000000000000000000e+00 7.000000000000000000e+00 4.120020000000002014e+00
3.305939557788025174e-01 0.000000000000000000e+00 7.000000000000000000e+00 6.142400000000006521e+00
8.428637069733037057e-01 0.000000000000000000e+00 3.000000000000000000e+00 3.962400000000003253e+00
6.138652801215530586e-01 2.000000000000000000e+00 6.000000000000000000e+00 3.092180000000000817e+00
6.404698274681355219e-01 2.000000000000000000e+00 4.000000000000000000e+00 2.526799999999999269e+00
7.435520352672612132e-01 2.000000000000000000e+00 5.000000000000000000e+00 4.123700000000002142e+00
4.887585647391493593e-01 2.000000000000000000e+00 6.000000000000000000e+00 5.099000000000004640e+00
6.237065534531932576e-01 2.000000000000000000e+00 4.000000000000000000e+00 4.275000000000003020e+00
8.020711980677477371e-01 1.000000000000000000e+00 8.000000000000000000e+00 3.361900000000002109e+00
5.813932076467129839e-01 2.000000000000000000e+00 6.000000000000000000e+00 4.352440000000004083e+00
7.877808555198844154e-01 1.000000000000000000e+00 3.000000000000000000e+00 4.022360000000002600e+00
5.838058371031619176e-01 2.000000000000000000e+00 6.000000000000000000e+00 3.415300000000002001e+00
8.272665465904378568e-01 1.000000000000000000e+00 5.000000000000000000e+00 3.192200000000001481e+00
6.934463918526845294e-01 2.000000000000000000e+00 5.000000000000000000e+00 4.438420000000003363e+00
8.059013609952293544e-01 0.000000000000000000e+00 1.000000000000000000e+00 3.013080000000001313e+00
7.554762563617579696e-01 0.000000000000000000e+00 3.000000000000000000e+00 2.637100000000001110e+00
4.875015310732861429e-01 1.000000000000000000e+00 6.000000000000000000e+00 4.930240000000003953e+00
4.981540353929292397e-01 2.000000000000000000e+00 7.000000000000000000e+00 4.379500000000002835e+00
7.561126179376193024e-01 2.000000000000000000e+00 3.000000000000000000e+00 3.600600000000001799e+00
8.485801472614675767e-01 1.000000000000000000e+00 5.000000000000000000e+00 2.802100000000000257e+00
6.041945324300707076e-01 2.000000000000000000e+00 4.000000000000000000e+00 5.283340000000002590e+00
4.199048761764639370e-01 0.000000000000000000e+00 1.300000000000000000e+01 5.093080000000004937e+00
7.129693706562152400e-01 2.000000000000000000e+00 3.000000000000000000e+00 3.327700000000001879e+00
4.912114006370246755e-01 2.000000000000000000e+00 8.000000000000000000e+00 3.301820000000001976e+00
4.360486681456439140e-01 3.000000000000000000e+00 7.000000000000000000e+00 2.551599999999999646e+00
5.984384044852132378e-01 0.000000000000000000e+00 6.000000000000000000e+00 4.703780000000003625e+00
8.248286060077296700e-01 1.000000000000000000e+00 1.000000000000000000e+00 2.777099999999999902e+00
5.713806464809654262e-01 0.000000000000000000e+00 3.000000000000000000e+00 4.114900000000002223e+00
4.599449703537099587e-01 1.000000000000000000e+00 3.000000000000000000e+00 4.707300000000002704e+00
5.458294124273260772e-01 2.000000000000000000e+00 7.000000000000000000e+00 4.038600000000003298e+00
5.130248483336018461e-01 2.000000000000000000e+00 7.000000000000000000e+00 1.478179999999999827e+00
6.216377742511342008e-01 1.000000000000000000e+00 4.000000000000000000e+00 2.016499999999999737e+00
5.666733187628186785e-01 1.000000000000000000e+00 1.000000000000000000e+00 1.701199999999999823e+00
2.799634335987507550e-01 0.000000000000000000e+00 8.000000000000000000e+00 5.782400000000006202e+00
5.341418233230893486e-01 3.000000000000000000e+00 8.000000000000000000e+00 2.711000000000001187e+00
5.526736094592902271e-01 0.000000000000000000e+00 3.000000000000000000e+00 4.452900000000003189e+00
4.975852641991758141e-01 3.000000000000000000e+00 8.000000000000000000e+00 4.518100000000003114e+00
6.864186576619509816e-01 1.000000000000000000e+00 5.000000000000000000e+00 3.583700000000001218e+00
5.752755177024041489e-01 2.000000000000000000e+00 6.000000000000000000e+00 4.454340000000003741e+00
5.829195567796369160e-01 2.000000000000000000e+00 8.000000000000000000e+00 1.654500000000002302e+00
8.040107644459314473e-01 1.000000000000000000e+00 5.000000000000000000e+00 3.060400000000001342e+00
5.867542462074014642e-01 2.000000000000000000e+00 6.000000000000000000e+00 3.896100000000002339e+00
7.748922792421232275e-01 2.000000000000000000e+00 3.000000000000000000e+00 3.552520000000001232e+00
3.676158794234101607e-02 1.700000000000000000e+01 2.700000000000000000e+01 -4.819700000000015194e+00
6.816110954453928894e-01 2.000000000000000000e+00 3.000000000000000000e+00 6.279000000000001247e-01
7.585200794847413164e-01 2.000000000000000000e+00 5.000000000000000000e+00 2.781500000000000306e+00
4.765055819149217053e-01 3.000000000000000000e+00 6.000000000000000000e+00 4.232400000000001938e+00
6.994184866114780963e-01 3.000000000000000000e+00 4.000000000000000000e+00 7.672999999999998710e-01
4.882471812012685874e-01 1.000000000000000000e+00 5.000000000000000000e+00 2.565700000000000536e+00
5.268611561924902986e-01 2.000000000000000000e+00 5.000000000000000000e+00 3.387520000000001197e+00
7.735460194053780381e-01 2.000000000000000000e+00 1.000000000000000000e+00 2.084799999999999542e+00
3.300894759606208817e-01 1.000000000000000000e+00 7.000000000000000000e+00 5.051800000000003621e+00
7.961939597259778401e-01 1.000000000000000000e+00 4.000000000000000000e+00 3.998800000000002797e+00
3.993369270900449797e-01 3.000000000000000000e+00 9.000000000000000000e+00 4.578700000000003989e+00
5.177713151266996050e-01 2.000000000000000000e+00 8.000000000000000000e+00 1.185700000000000864e+00
7.265621787893097316e-01 1.000000000000000000e+00 4.000000000000000000e+00 1.784599999999999742e+00
7.081579472551803311e-01 3.000000000000000000e+00 5.000000000000000000e+00 2.554740000000000677e+00
4.022730975823249344e-01 2.000000000000000000e+00 6.000000000000000000e+00 1.605699999999999683e+00
7.746725665268163752e-01 0.000000000000000000e+00 5.000000000000000000e+00 3.668940000000002755e+00
8.923086041922615452e-01 2.000000000000000000e+00 4.000000000000000000e+00 2.337879999999999292e+00
7.705042612738008945e-01 2.000000000000000000e+00 5.000000000000000000e+00 3.832300000000002704e+00
4.648151834128175786e-01 2.000000000000000000e+00 7.000000000000000000e+00 5.460820000000004448e+00
4.625138879263889224e-01 2.000000000000000000e+00 8.000000000000000000e+00 3.530600000000002403e+00
8.829491143970973344e-01 2.000000000000000000e+00 3.000000000000000000e+00 1.500180000000000291e+00
6.587322532597095215e-01 2.000000000000000000e+00 2.000000000000000000e+00 1.384989999999999943e+00
7.807047938185295299e-01 1.000000000000000000e+00 7.000000000000000000e+00 4.320000000000003837e+00
6.644768813236271443e-01 1.000000000000000000e+00 5.000000000000000000e+00 4.676300000000003898e+00
8.288580486751156995e-01 0.000000000000000000e+00 4.000000000000000000e+00 4.241000000000003212e+00
8.290962832567969620e-01 1.000000000000000000e+00 3.000000000000000000e+00 3.103200000000001957e+00
8.177847257672842263e-01 2.000000000000000000e+00 2.000000000000000000e+00 2.315399999999999459e+00
5.934105985582593945e-01 2.000000000000000000e+00 4.000000000000000000e+00 2.554219999999999047e+00
6.352660505559530879e-01 3.000000000000000000e+00 4.000000000000000000e+00 3.879500000000001947e+00
8.586434861670230179e-01 2.000000000000000000e+00 2.000000000000000000e+00 1.973999999999999755e+00
6.427710577069245534e-01 2.000000000000000000e+00 5.000000000000000000e+00 4.001600000000002488e+00
6.683441508600491687e-01 2.000000000000000000e+00 6.000000000000000000e+00 3.161500000000001975e+00
7.086726133924512450e-01 1.000000000000000000e+00 8.000000000000000000e+00 2.189400000000000013e+00
5.646063244193323394e-01 3.000000000000000000e+00 7.000000000000000000e+00 3.369400000000000617e+00
5.918472856239914703e-01 1.000000000000000000e+00 4.000000000000000000e+00 4.373920000000002695e+00
4.257629740216004044e-01 1.000000000000000000e+00 6.000000000000000000e+00 4.252380000000002269e+00
6.628702331009905802e-01 0.000000000000000000e+00 5.000000000000000000e+00 2.448300000000000587e+00
7.085001206073774371e-01 2.000000000000000000e+00 5.000000000000000000e+00 3.282000000000000917e+00
5.863590335117102592e-01 0.000000000000000000e+00 1.000000000000000000e+00 2.547800000000000509e+00
8.880671420892992662e-01 2.000000000000000000e+00 5.000000000000000000e+00 2.183980000000000032e+00
4.913576306400851967e-01 2.000000000000000000e+00 6.000000000000000000e+00 4.260520000000002305e+00
5.338054332260122603e-01 3.000000000000000000e+00 7.000000000000000000e+00 3.334600000000000897e+00
6.950070323094383884e-01 1.000000000000000000e+00 7.000000000000000000e+00 3.732200000000002404e+00
4.449081789446346913e-01 3.000000000000000000e+00 3.000000000000000000e+00 3.706900000000000084e+00
7.072470380982703864e-01 2.000000000000000000e+00 5.000000000000000000e+00 3.537040000000002404e+00
7.661157762096693080e-01 2.000000000000000000e+00 5.000000000000000000e+00 4.417000000000003368e+00
6.134857671470832496e-01 3.000000000000000000e+00 6.000000000000000000e+00 1.786700000000001287e+00
5.584602201692181467e-01 0.000000000000000000e+00 5.000000000000000000e+00 4.853320000000004519e+00
7.891005916351845340e-01 1.000000000000000000e+00 4.000000000000000000e+00 2.455119999999999969e+00
5.472895172284075738e-01 1.000000000000000000e+00 8.000000000000000000e+00 5.244500000000005713e+00
4.560936114179850454e-01 3.000000000000000000e+00 1.000000000000000000e+01 4.072100000000004272e+00
8.517964099245681764e-01 1.000000000000000000e+00 6.000000000000000000e+00 4.435000000000003162e+00
7.857645968963934413e-01 1.000000000000000000e+00 3.000000000000000000e+00 2.398600000000000065e+00
6.237939408956334475e-01 2.000000000000000000e+00 6.000000000000000000e+00 3.590800000000002434e+00
8.791033427527865651e-01 2.000000000000000000e+00 4.000000000000000000e+00 1.292399999999999993e+00
7.060433188817483163e-01 3.000000000000000000e+00 5.000000000000000000e+00 3.800000000000007816e-01
4.330846805022328105e-01 2.000000000000000000e+00 8.000000000000000000e+00 4.966220000000004298e+00
5.906406587696737542e-01 3.000000000000000000e+00 7.000000000000000000e+00 3.024420000000000108e+00
5.209250649692226398e-01 2.000000000000000000e+00 6.000000000000000000e+00 2.427999999999999936e+00
4.449076482142685363e-01 3.000000000000000000e+00 6.000000000000000000e+00 2.076299999999999812e+00
7.583635311146784685e-01 1.000000000000000000e+00 6.000000000000000000e+00 4.326320000000003496e+00
4.249496347431685472e-01 3.000000000000000000e+00 9.000000000000000000e+00 4.756300000000003081e+00
7.423035685970406083e-01 1.000000000000000000e+00 5.000000000000000000e+00 3.184140000000001081e+00
4.149910533965466830e-01 1.000000000000000000e+00 2.000000000000000000e+00 -1.998000000000000331e-01
3.428867098545700792e-02 1.400000000000000000e+01 1.700000000000000000e+01 -1.038630000000011266e+00
6.850778093160972970e-01 1.000000000000000000e+00 4.000000000000000000e+00 2.456299999999999706e+00
7.120086889801848784e-01 1.000000000000000000e+00 2.000000000000000000e+00 4.626100000000003654e+00
6.760193658720186072e-01 3.000000000000000000e+00 2.000000000000000000e+00 2.441199999999999370e+00
2.690764780014813229e-01 3.000000000000000000e+00 1.000000000000000000e+01 2.566000000000000725e+00
3.907743616213587567e-01 1.000000000000000000e+00 7.000000000000000000e+00 5.081800000000003870e+00
4.043608379604040071e-01 2.000000000000000000e+00 5.000000000000000000e+00 4.627220000000002997e+00
6.416580513732075275e-01 2.000000000000000000e+00 1.000000000000000000e+00 4.062000000000001165e+00
3.286017609324443089e-01 3.000000000000000000e+00 8.000000000000000000e+00 4.023000000000001464e+00
6.591057143443459498e-01 3.000000000000000000e+00 5.000000000000000000e+00 2.493019999999999570e+00
4.062629494925299456e-01 2.000000000000000000e+00 8.000000000000000000e+00 3.664120000000002264e+00
5.406836414671590818e-01 4.000000000000000000e+00 5.000000000000000000e+00 2.069099999999999717e+00
6.499885271017643573e-01 2.000000000000000000e+00 5.000000000000000000e+00 2.680220000000001157e+00
5.381059091462766508e-01 3.000000000000000000e+00 6.000000000000000000e+00 3.715300000000001823e+00
6.880201187501459037e-01 1.000000000000000000e+00 1.000000000000000000e+00 3.002400000000001512e+00
7.624731815174324856e-01 2.000000000000000000e+00 3.000000000000000000e+00 3.897500000000000853e+00
4.158055794046946474e-01 1.000000000000000000e+00 9.000000000000000000e+00 2.950120000000000964e+00
7.157118556132885390e-01 2.000000000000000000e+00 4.000000000000000000e+00 3.608200000000000962e+00
4.808334258935692551e-01 2.000000000000000000e+00 6.000000000000000000e+00 5.164720000000004418e+00
3.630091771911895387e-02 1.400000000000000000e+01 1.700000000000000000e+01 -4.393300000000043837e-01
4.067521241327594073e-01 1.000000000000000000e+00 6.000000000000000000e+00 4.478680000000002437e+00
7.189997802274291638e-01 0.000000000000000000e+00 1.000000000000000000e+00 2.644300000000001205e+00
2.719329333004927851e-01 0.000000000000000000e+00 1.000000000000000000e+01 4.799200000000004351e+00
7.873376788406838411e-01 1.000000000000000000e+00 5.000000000000000000e+00 2.965200000000001168e+00
8.384623265941306691e-01 0.000000000000000000e+00 4.000000000000000000e+00 3.875000000000002665e+00
6.597829977764934073e-01 2.000000000000000000e+00 4.000000000000000000e+00 4.954500000000002125e+00
5.839037063333215594e-01 1.000000000000000000e+00 3.000000000000000000e+00 4.697040000000002991e+00
7.909853075121280330e-01 2.000000000000000000e+00 6.000000000000000000e+00 5.024999999999997247e-01
7.323097658629037499e-01 2.000000000000000000e+00 3.000000000000000000e+00 4.598200000000002952e+00
3.243301423063946753e-01 1.000000000000000000e+00 8.000000000000000000e+00 4.609500000000005038e+00
1.794794929805593742e-01 2.000000000000000000e+00 1.100000000000000000e+01 6.139100000000005330e+00
4.912170917295106132e-01 2.000000000000000000e+00 8.000000000000000000e+00 6.424000000000023025e-01
3.364262515664885878e-01 3.000000000000000000e+00 6.000000000000000000e+00 5.154400000000001647e+00
5.595616568156652759e-01 3.000000000000000000e+00 7.000000000000000000e+00 3.486100000000000421e+00
5.744834677031767090e-01 3.000000000000000000e+00 8.000000000000000000e+00 2.009300000000001862e+00
5.423525515473746061e-01 2.000000000000000000e+00 2.000000000000000000e+00 3.968600000000001238e+00
6.775257668732013183e-01 2.000000000000000000e+00 7.000000000000000000e+00 3.499180000000001733e+00
6.183288065255306831e-01 2.000000000000000000e+00 6.000000000000000000e+00 4.210420000000002716e+00
7.314615624596636501e-01 0.000000000000000000e+00 3.000000000000000000e+00 1.519999999999999352e+00
5.943942682416261114e-01 3.000000000000000000e+00 5.000000000000000000e+00 2.975100000000001188e+00
5.689267282428205341e-01 2.000000000000000000e+00 4.000000000000000000e+00 2.472579999999999778e+00
3.270413605404358104e-01 2.000000000000000000e+00 9.000000000000000000e+00 6.193420000000005921e+00
5.096308798717641420e-01 2.000000000000000000e+00 5.000000000000000000e+00 4.529120000000003365e+00
6.577452185749302904e-01 0.000000000000000000e+00 4.000000000000000000e+00 3.590420000000002609e+00
4.453144842071559140e-01 2.000000000000000000e+00 8.000000000000000000e+00 4.161100000000003796e+00
7.452129480793568961e-01 2.000000000000000000e+00 4.000000000000000000e+00 6.958999999999999631e-01
3.664539266492297664e-01 3.000000000000000000e+00 5.000000000000000000e+00 3.830600000000002225e+00
6.942142541771244568e-01 1.000000000000000000e+00 5.000000000000000000e+00 4.048600000000003085e+00
6.614809816824287481e-01 2.000000000000000000e+00 7.000000000000000000e+00 4.140900000000002024e+00
4.651305195480546217e-01 3.000000000000000000e+00 6.000000000000000000e+00 1.611999999999999655e+00
4.510626554332897720e-01 4.000000000000000000e+00 7.000000000000000000e+00 6.756999999999988571e-01
8.776016184783941299e-01 1.000000000000000000e+00 4.000000000000000000e+00 3.173200000000001353e+00
5.389141878658550988e-01 3.000000000000000000e+00 6.000000000000000000e+00 2.843920000000000670e+00
8.185182971562766641e-01 2.000000000000000000e+00 4.000000000000000000e+00 2.370500000000000718e+00
7.278115473639666932e-01 1.000000000000000000e+00 6.000000000000000000e+00 4.308100000000003149e+00
4.532472464155322123e-01 2.000000000000000000e+00 5.000000000000000000e+00 2.091600000000000570e+00
7.343337564885469293e-01 2.000000000000000000e+00 2.000000000000000000e+00 3.710600000000001231e+00
5.752238817001426030e-01 1.000000000000000000e+00 7.000000000000000000e+00 5.447000000000006281e+00
7.579295804808177106e-01 2.000000000000000000e+00 4.000000000000000000e+00 3.352820000000001244e+00
6.548736697586564626e-01 3.000000000000000000e+00 5.000000000000000000e+00 2.830600000000000449e+00
7.202842359274376216e-01 1.000000000000000000e+00 0.000000000000000000e+00 3.150500000000001855e+00
4.944565266385139157e-01 2.000000000000000000e+00 8.000000000000000000e+00 2.318199999999999594e+00
4.150850348673340018e-01 3.000000000000000000e+00 7.000000000000000000e+00 3.421800000000001063e+00
5.489023695109527257e-01 1.000000000000000000e+00 4.000000000000000000e+00 4.982900000000005214e+00
8.513366731464940829e-01 1.000000000000000000e+00 5.000000000000000000e+00 3.813000000000003276e+00
5.264702515869933430e-01 3.000000000000000000e+00 7.000000000000000000e+00 1.890699999999999603e+00
7.128362874637865776e-01 0.000000000000000000e+00 4.000000000000000000e+00 2.947600000000001330e+00
4.536275477250020227e-01 3.000000000000000000e+00 7.000000000000000000e+00 3.608100000000001195e+00
4.626793690181199015e-01 2.000000000000000000e+00 6.000000000000000000e+00 5.962700000000006106e+00
7.678267090142792961e-01 2.000000000000000000e+00 2.000000000000000000e+00 4.412300000000003664e+00
4.254404256512461235e-01 1.000000000000000000e+00 6.000000000000000000e+00 6.153500000000005521e+00
6.814709815726989195e-01 1.000000000000000000e+00 5.000000000000000000e+00 4.242420000000002744e+00
6.499855803367837748e-01 1.000000000000000000e+00 1.000000000000000000e+00 2.950700000000001211e+00
8.623786743366731455e-01 1.000000000000000000e+00 5.000000000000000000e+00 3.195580000000002308e+00
7.407585928505792117e-01 1.000000000000000000e+00 5.000000000000000000e+00 3.474500000000001698e+00
6.278998839954327282e-01 2.000000000000000000e+00 6.000000000000000000e+00 2.923920000000000741e+00
2.798978069042423189e-01 3.000000000000000000e+00 9.000000000000000000e+00 3.213500000000001577e+00
7.541053298167571528e-01 1.000000000000000000e+00 3.000000000000000000e+00 3.513920000000000599e+00
6.059532090516166480e-01 2.000000000000000000e+00 6.000000000000000000e+00 2.901000000000001577e+00
8.721299909048751964e-01 1.000000000000000000e+00 5.000000000000000000e+00 4.052780000000002936e+00
5.115019158380336162e-01 3.000000000000000000e+00 5.000000000000000000e+00 4.931400000000002670e+00
3.037028338570181840e-01 4.000000000000000000e+00 6.000000000000000000e+00 9.032000000000002249e-01
5.828206759158341965e-01 1.000000000000000000e+00 4.000000000000000000e+00 3.101880000000001303e+00
6.135808206021695632e-01 3.000000000000000000e+00 6.000000000000000000e+00 2.250599999999999490e+00
4.683666866511673743e-01 2.000000000000000000e+00 8.000000000000000000e+00 3.646800000000002484e+00
4.608179552054724182e-01 0.000000000000000000e+00 7.000000000000000000e+00 3.862000000000002764e+00
5.018114678758247571e-01 4.000000000000000000e+00 5.000000000000000000e+00 2.192069999999999297e+00
5.278902198967310166e-01 4.000000000000000000e+00 5.000000000000000000e+00 2.325000000000000178e+00
4.190833056623078923e-01 3.000000000000000000e+00 5.000000000000000000e+00 3.665800000000000836e+00
7.961167426428142901e-01 1.000000000000000000e+00 3.000000000000000000e+00 3.891300000000001980e+00
6.079944800936931681e-01 2.000000000000000000e+00 5.000000000000000000e+00 3.512900000000001910e+00
6.297247321820317323e-01 3.000000000000000000e+00 2.000000000000000000e+00 4.669400000000003104e+00
4.661902727865416818e-01 1.000000000000000000e+00 7.000000000000000000e+00 4.910000000000002807e+00
5.891534611071416183e-01 2.000000000000000000e+00 4.000000000000000000e+00 5.402020000000002042e+00
6.912292776972485120e-01 3.000000000000000000e+00 5.000000000000000000e+00 3.285300000000002107e+00
5.712695052789642514e-01 2.000000000000000000e+00 8.000000000000000000e+00 3.899920000000002496e+00
6.548850850710069560e-01 0.000000000000000000e+00 1.000000000000000000e+00 4.324220000000002173e+00
7.699012067658254077e-01 2.000000000000000000e+00 5.000000000000000000e+00 2.972800000000001219e+00
7.215539424406570701e-01 1.000000000000000000e+00 4.000000000000000000e+00 4.701880000000001836e+00
5.232645953777043113e-01 0.000000000000000000e+00 5.000000000000000000e+00 3.950000000000002842e+00
8.001222420891722642e-01 1.000000000000000000e+00 0.000000000000000000e+00 3.722700000000002341e+00
8.426225045071396025e-01 1.000000000000000000e+00 1.000000000000000000e+00 1.291799999999999837e+00
3.447242153500429951e-01 2.000000000000000000e+00 8.000000000000000000e+00 4.705220000000004177e+00
6.387740812049671479e-01 2.000000000000000000e+00 8.000000000000000000e+00 3.672540000000001470e+00
3.440431777997264295e-01 1.000000000000000000e+00 5.000000000000000000e+00 6.404900000000004034e+00
6.803147837038726609e-01 1.000000000000000000e+00 1.000000000000000000e+00 1.323599999999999888e+00
7.611537462796245102e-01 1.000000000000000000e+00 4.000000000000000000e+00 1.195799999999999530e+00
7.286215315936053205e-01 2.000000000000000000e+00 3.000000000000000000e+00 2.832600000000001117e+00
5.211224994724523718e-01 2.000000000000000000e+00 7.000000000000000000e+00 7.963000000000000078e-01
8.299677542138635955e-01 1.000000000000000000e+00 3.000000000000000000e+00 3.826400000000003132e+00
4.081541694627533468e-01 3.000000000000000000e+00 7.000000000000000000e+00 2.687680000000000291e+00
5.934762988967565711e-01 2.000000000000000000e+00 6.000000000000000000e+00 3.311720000000001107e+00
7.318927063883683415e-01 2.000000000000000000e+00 2.000000000000000000e+00 4.052400000000002223e+00
4.247508201075031464e-01 2.000000000000000000e+00 7.000000000000000000e+00 4.649500000000003297e+00
3.998868320662875564e-01 3.000000000000000000e+00 7.000000000000000000e+00 5.421400000000004660e+00
5.707920577264167239e-01 1.000000000000000000e+00 5.000000000000000000e+00 2.124700000000000699e+00
8.907271016500786232e-01 1.000000000000000000e+00 5.000000000000000000e+00 2.403220000000001022e+00
6.109192822381001031e-01 3.000000000000000000e+00 8.000000000000000000e+00 2.440200000000000813e+00
3.393001368722834976e-01 1.000000000000000000e+00 1.100000000000000000e+01 5.313640000000004804e+00
6.794800449124838160e-01 2.000000000000000000e+00 6.000000000000000000e+00 3.816640000000003141e+00
4.929819889998967031e-01 2.000000000000000000e+00 7.000000000000000000e+00 3.275900000000001810e+00
8.077289785789764087e-01 0.000000000000000000e+00 4.000000000000000000e+00 2.356300000000000061e+00
4.786370140149350805e-01 2.000000000000000000e+00 6.000000000000000000e+00 4.641100000000002446e+00
4.252148436750337601e-01 3.000000000000000000e+00 7.000000000000000000e+00 2.940100000000000158e+00
6.005702926906202332e-01 1.000000000000000000e+00 7.000000000000000000e+00 3.342900000000001981e+00
2.485076216975402319e-01 1.000000000000000000e+00 8.000000000000000000e+00 7.052400000000006663e+00
4.865357366381187210e-01 2.000000000000000000e+00 1.100000000000000000e+01 3.241400000000002279e+00
8.277402227181788197e-01 1.000000000000000000e+00 5.000000000000000000e+00 2.661600000000000854e+00
8.156481218967304159e-01 1.000000000000000000e+00 6.000000000000000000e+00 3.237720000000002152e+00
7.686113251019441872e-01 1.000000000000000000e+00 5.000000000000000000e+00 4.165300000000002889e+00
7.166233446788036199e-01 3.000000000000000000e+00 4.000000000000000000e+00 2.265000000000000346e-01
6.057206690801091309e-01 1.000000000000000000e+00 5.000000000000000000e+00 1.883999999999999897e+00
6.825551372392970606e-01 2.000000000000000000e+00 4.000000000000000000e+00 3.024500000000001521e+00
5.408307081725656218e-01 1.000000000000000000e+00 2.000000000000000000e+00 4.897900000000003473e+00
6.234803203515514314e-01 3.000000000000000000e+00 6.000000000000000000e+00 3.667000000000000703e+00
5.147244505914768675e-01 2.000000000000000000e+00 4.000000000000000000e+00 2.076699999999999768e+00
5.144547880009248120e-01 1.000000000000000000e+00 6.000000000000000000e+00 4.621820000000003148e+00
7.407442417149674441e-01 0.000000000000000000e+00 3.000000000000000000e+00 2.659159999999999968e+00
3.033074219623303480e-01 4.000000000000000000e+00 9.000000000000000000e+00 2.377099999999999547e+00
7.332865245589509362e-01 1.000000000000000000e+00 1.000000000000000000e+00 3.786500000000001975e+00
7.489707109733231283e-01 1.000000000000000000e+00 2.000000000000000000e+00 2.822700000000000209e+00
4.296739224955906100e-01 1.000000000000000000e+00 5.000000000000000000e+00 5.427540000000004916e+00
2.841974393957741873e-01 2.000000000000000000e+00 4.000000000000000000e+00 3.043900000000000716e+00
5.696712913886975427e-01 1.000000000000000000e+00 7.000000000000000000e+00 3.748780000000002666e+00
5.047877346321323344e-01 3.000000000000000000e+00 8.000000000000000000e+00 4.628100000000003433e+00
3.417369623091552899e-01 2.000000000000000000e+00 9.000000000000000000e+00 5.024100000000003341e+00
5.895099815374174046e-01 1.000000000000000000e+00 3.000000000000000000e+00 4.429620000000003444e+00
4.820055570746012430e-01 1.000000000000000000e+00 4.000000000000000000e+00 3.569900000000001405e+00
4.326469148761233341e-01 1.000000000000000000e+00 6.000000000000000000e+00 3.968000000000002636e+00
4.822696889752977611e-01 1.000000000000000000e+00 9.000000000000000000e+00 3.990000000000002878e+00
5.152129746614519945e-01 3.000000000000000000e+00 7.000000000000000000e+00 2.604800000000000004e+00
8.997402900321815888e-01 2.000000000000000000e+00 4.000000000000000000e+00 1.871999999999999442e+00
5.315533550286983822e-01 2.000000000000000000e+00 6.000000000000000000e+00 2.669740000000000002e+00
8.617161250864191491e-01 1.000000000000000000e+00 1.000000000000000000e+00 2.651220000000000354e+00
7.258111511543581251e-01 0.000000000000000000e+00 2.000000000000000000e+00 3.503320000000002210e+00
7.825392033364506617e-01 1.000000000000000000e+00 3.000000000000000000e+00 3.920500000000002316e+00
8.049353387121050973e-01 1.000000000000000000e+00 3.000000000000000000e+00 2.964420000000000499e+00
5.649634840278662251e-01 2.000000000000000000e+00 4.000000000000000000e+00 5.566820000000002544e+00
3.929776890883317497e-01 3.000000000000000000e+00 9.000000000000000000e+00 1.856700000000001793e+00
6.361015353393405514e-01 2.000000000000000000e+00 6.000000000000000000e+00 4.533240000000003711e+00
8.222284871334817336e-01 1.000000000000000000e+00 2.000000000000000000e+00 1.275619999999999976e+00
4.865787929495319353e-01 2.000000000000000000e+00 7.000000000000000000e+00 4.777120000000004474e+00
2.806394286756307976e-01 4.000000000000000000e+00 9.000000000000000000e+00 1.210499999999999243e+00
2.963419520142686059e-01 1.000000000000000000e+00 8.000000000000000000e+00 2.970800000000001440e+00
4.310732460417048273e-01 0.000000000000000000e+00 4.000000000000000000e+00 3.477460000000002438e+00
4.813257115879426840e-01 2.000000000000000000e+00 7.000000000000000000e+00 3.726800000000001667e+00
6.390738694055193569e-01 3.000000000000000000e+00 4.000000000000000000e+00 3.504300000000001525e+00
7.197537478153053225e-01 0.000000000000000000e+00 3.000000000000000000e+00 4.247200000000002973e+00
6.057303515527493465e-01 2.000000000000000000e+00 4.000000000000000000e+00 5.258400000000001739e+00
7.144368256744432211e-01 1.000000000000000000e+00 5.000000000000000000e+00 3.865420000000002076e+00
7.483634501218210389e-01 1.000000000000000000e+00 0.000000000000000000e+00 3.387200000000001765e+00
7.254727146377155655e-01 2.000000000000000000e+00 4.000000000000000000e+00 2.296700000000000408e+00
6.678127203793451372e-01 1.000000000000000000e+00 5.000000000000000000e+00 2.725200000000000955e+00
6.236831097258950241e-01 2.000000000000000000e+00 6.000000000000000000e+00 3.140100000000001224e+00
7.550844098925956205e-01 0.000000000000000000e+00 5.000000000000000000e+00 4.788500000000004420e+00
7.530223685249093357e-01 2.000000000000000000e+00 6.000000000000000000e+00 1.381499999999999950e+00
6.389509580864460858e-01 4.000000000000000000e+00 4.000000000000000000e+00 1.305999999999999828e+00
6.222713272119354544e-01 1.000000000000000000e+00 7.000000000000000000e+00 3.957500000000003126e+00
5.554243747765458261e-01 3.000000000000000000e+00 6.000000000000000000e+00 2.329619999999999358e+00
5.074929614772123454e-01 3.000000000000000000e+00 9.000000000000000000e+00 2.349400000000000155e+00
3.313087108827629801e-01 3.000000000000000000e+00 7.000000000000000000e+00 4.939600000000002211e+00
8.274607978431260946e-01 2.000000000000000000e+00 2.000000000000000000e+00 2.783170000000000144e+00
5.672897005516415181e-01 2.000000000000000000e+00 4.000000000000000000e+00 4.393800000000001482e+00
5.029511300621745118e-01 3.000000000000000000e+00 5.000000000000000000e+00 4.864999999999998770e-01
6.059180342849513901e-01 2.000000000000000000e+00 6.000000000000000000e+00 2.487180000000000391e+00
4.830889617093110933e-01 2.000000000000000000e+00 6.000000000000000000e+00 4.919840000000003322e+00
3.806175320477301338e-01 2.000000000000000000e+00 6.000000000000000000e+00 5.058200000000003804e+00
6.453109106200771716e-01 1.000000000000000000e+00 7.000000000000000000e+00 3.220200000000001062e+00
5.767352268030977447e-01 1.000000000000000000e+00 5.000000000000000000e+00 5.016340000000004906e+00
6.122238899416738711e-01 2.000000000000000000e+00 6.000000000000000000e+00 3.675320000000002807e+00
2.947203450492744681e-01 5.000000000000000000e+00 9.000000000000000000e+00 2.684000000000011932e-01
5.279182603433124621e-01 2.000000000000000000e+00 2.000000000000000000e+00 3.852370000000001404e+00
6.346625089274975373e-01 3.000000000000000000e+00 2.000000000000000000e+00 3.011300000000000310e+00
7.504195388359087282e-01 2.000000000000000000e+00 6.000000000000000000e+00 4.237020000000002895e+00
6.451327091577340189e-01 2.000000000000000000e+00 6.000000000000000000e+00 3.851520000000002497e+00
4.538092749012082039e-01 1.000000000000000000e+00 7.000000000000000000e+00 5.337800000000004097e+00
4.985066517082955007e-01 2.000000000000000000e+00 5.000000000000000000e+00 4.940920000000002865e+00
8.174310826560313714e-01 1.000000000000000000e+00 1.000000000000000000e+00 2.828400000000001135e+00
4.671638090242009045e-01 3.000000000000000000e+00 2.000000000000000000e+00 1.519899999999998697e+00
5.590024779362972041e-01 1.000000000000000000e+00 7.000000000000000000e+00 3.611900000000001221e+00
6.306376215533020524e-01 3.000000000000000000e+00 6.000000000000000000e+00 2.310000000000000497e+00
1.481297562874804019e-01 6.000000000000000000e+00 1.200000000000000000e+01 2.971700000000001562e+00
4.035164237388923492e-01 0.000000000000000000e+00 7.000000000000000000e+00 3.958380000000003562e+00
7.557979342653270427e-01 1.000000000000000000e+00 2.000000000000000000e+00 3.429920000000000968e+00
7.291055542958798652e-01 2.000000000000000000e+00 5.000000000000000000e+00 2.937020000000001296e+00
6.803659374785814284e-01 2.000000000000000000e+00 5.000000000000000000e+00 2.200099999999999945e+00
4.068174003071459155e-01 2.000000000000000000e+00 5.000000000000000000e+00 4.892200000000003435e+00
6.466368915199985912e-01 3.000000000000000000e+00 5.000000000000000000e+00 2.272279999999999411e+00
4.727451790056114711e-01 2.000000000000000000e+00 8.000000000000000000e+00 1.010100000000001108e+00
8.386304699831326204e-01 2.000000000000000000e+00 3.000000000000000000e+00 3.220100000000000406e+00
6.019360756403105972e-01 2.000000000000000000e+00 7.000000000000000000e+00 4.385620000000003849e+00
7.097362306867065485e-01 1.000000000000000000e+00 1.000000000000000000e+00 3.586720000000001463e+00
7.771009851060198814e-01 2.000000000000000000e+00 3.000000000000000000e+00 3.431400000000001782e+00
5.330554587335659678e-01 2.000000000000000000e+00 5.000000000000000000e+00 5.037700000000003620e+00
6.142885836031696245e-01 2.000000000000000000e+00 6.000000000000000000e+00 3.214840000000001474e+00
4.191822996396564194e-01 4.000000000000000000e+00 5.000000000000000000e+00 -4.779000000000002690e-01
5.113498614184087687e-01 2.000000000000000000e+00 4.000000000000000000e+00 2.442699999999999427e+00
3.359536483484537595e-01 0.000000000000000000e+00 6.000000000000000000e+00 2.302400000000000446e+00
5.126458033410226101e-01 2.000000000000000000e+00 7.000000000000000000e+00 4.893600000000003725e+00
6.202406256861725531e-01 3.000000000000000000e+00 7.000000000000000000e+00 2.080400000000000471e+00
7.689363928741820287e-01 3.000000000000000000e+00 5.000000000000000000e+00 1.890700000000000047e+00
4.805523659038598572e-01 0.000000000000000000e+00 4.000000000000000000e+00 2.977840000000001375e+00
4.416295240159829882e-01 1.000000000000000000e+00 9.000000000000000000e+00 4.287000000000003475e+00
4.384140428900448749e-01 3.000000000000000000e+00 7.000000000000000000e+00 3.423700000000002852e+00
8.009360645240826138e-01 1.000000000000000000e+00 7.000000000000000000e+00 3.831000000000003070e+00
5.579600752317378509e-01 3.000000000000000000e+00 7.000000000000000000e+00 2.989620000000000388e+00
6.767758314342733339e-01 2.000000000000000000e+00 6.000000000000000000e+00 3.031000000000001471e+00
7.706788668096720141e-01 1.000000000000000000e+00 3.000000000000000000e+00 2.043699999999999850e+00
3.908779914943064093e-01 3.000000000000000000e+00 6.000000000000000000e+00 4.754700000000003257e+00
4.707837717683118206e-01 2.000000000000000000e+00 7.000000000000000000e+00 3.915800000000001724e+00
7.036758876711536326e-01 2.000000000000000000e+00 5.000000000000000000e+00 5.046400000000004660e+00
4.391959337466651014e-01 3.000000000000000000e+00 7.000000000000000000e+00 3.143600000000001060e+00
8.058613927728192072e-01 1.000000000000000000e+00 2.000000000000000000e+00 5.179600000000004201e+00
7.215210452494290605e-01 0.000000000000000000e+00 3.000000000000000000e+00 4.103700000000003456e+00
5.209847884097753568e-01 3.000000000000000000e+00 1.000000000000000000e+01 2.872800000000002463e+00
7.428003936286839970e-01 2.000000000000000000e+00 5.000000000000000000e+00 4.828300000000004921e+00
4.090709280478972976e-01 3.000000000000000000e+00 6.000000000000000000e+00 9.089999999999998082e-01
4.556017454898782515e-01 2.000000000000000000e+00 7.000000000000000000e+00 5.313200000000004586e+00
4.812284011660376004e-01 1.000000000000000000e+00 7.000000000000000000e+00 4.178600000000002979e+00
5.614299958379344035e-01 2.000000000000000000e+00 4.000000000000000000e+00 3.292380000000001417e+00
3.474579012415227042e-01 3.000000000000000000e+00 5.000000000000000000e+00 2.922400000000000553e+00
7.723707832632699111e-01 1.000000000000000000e+00 6.000000000000000000e+00 3.308000000000001606e+00
3.159480624120033498e-01 2.000000000000000000e+00 6.000000000000000000e+00 6.862300000000006506e+00
8.821330392716868474e-01 2.000000000000000000e+00 4.000000000000000000e+00 2.525400000000000311e+00
4.178840975839869243e-01 1.000000000000000000e+00 1.000000000000000000e+01 3.405100000000001792e+00
7.760714597741659171e-01 1.000000000000000000e+00 3.000000000000000000e+00 2.365599999999999703e+00
8.528036890699656203e-01 1.000000000000000000e+00 4.000000000000000000e+00 3.105700000000001459e+00
7.161808644494797038e-01 2.000000000000000000e+00 4.000000000000000000e+00 3.778120000000001255e+00
9.192504012100138899e-01 1.000000000000000000e+00 3.000000000000000000e+00 1.566079999999999917e+00
5.890552596654207163e-01 1.000000000000000000e+00 7.000000000000000000e+00 3.431200000000001360e+00
6.544582690300506655e-01 3.000000000000000000e+00 1.000000000000000000e+00 -3.512999999999996681e-01
7.061771837711237065e-01 2.000000000000000000e+00 4.000000000000000000e+00 2.664179999999999993e+00
6.636724933379071212e-01 3.000000000000000000e+00 5.000000000000000000e+00 2.353919999999998680e+00
9.233400368507458378e-01 1.000000000000000000e+00 2.000000000000000000e+00 3.088600000000000456e+00
3.109828065307094769e-01 0.000000000000000000e+00 6.000000000000000000e+00 4.478280000000003369e+00
7.064882384087370903e-01 1.000000000000000000e+00 0.000000000000000000e+00 2.695800000000001084e+00
5.016932765202408717e-01 1.000000000000000000e+00 4.000000000000000000e+00 4.932520000000002902e+00
7.241965681318152104e-01 1.000000000000000000e+00 7.000000000000000000e+00 3.217900000000001981e+00
8.336154949270702108e-01 1.000000000000000000e+00 2.000000000000000000e+00 1.564699999999999758e+00
6.585260592214505770e-01 3.000000000000000000e+00 8.000000000000000000e+00 1.086220000000000629e+00
5.487447712971122993e-01 2.000000000000000000e+00 8.000000000000000000e+00 4.208340000000003300e+00
5.662963226557443663e-01 1.000000000000000000e+00 2.000000000000000000e+00 4.589480000000002669e+00
6.795202371176086720e-01 3.000000000000000000e+00 4.000000000000000000e+00 1.389299999999999313e+00
2.011276719859027007e-01 2.000000000000000000e+00 9.000000000000000000e+00 -7.283199999999983021e-01
6.667787500540849344e-01 2.000000000000000000e+00 6.000000000000000000e+00 2.147100000000000009e+00
7.726345351234016334e-01 1.000000000000000000e+00 5.000000000000000000e+00 2.629460000000000797e+00
6.986390031308141735e-01 1.000000000000000000e+00 5.000000000000000000e+00 3.515220000000001122e+00
7.330298578847591617e-01 0.000000000000000000e+00 6.000000000000000000e+00 4.078220000000002621e+00
6.842889720494910177e-01 2.000000000000000000e+00 5.000000000000000000e+00 3.796300000000001340e+00
7.309436909753865841e-01 2.000000000000000000e+00 5.000000000000000000e+00 3.542020000000001723e+00
7.863530388905057844e-01 1.000000000000000000e+00 5.000000000000000000e+00 2.985180000000000611e+00
4.332879418057317689e-01 1.000000000000000000e+00 3.000000000000000000e+00 1.145799999999999708e+00
5.628455676408248287e-01 1.000000000000000000e+00 7.000000000000000000e+00 5.406800000000003159e+00
8.593809815749902103e-01 1.000000000000000000e+00 5.000000000000000000e+00 3.463000000000001855e+00
4.731355122442207350e-01 1.000000000000000000e+00 4.000000000000000000e+00 4.162540000000001683e+00
6.105083075362101042e-01 2.000000000000000000e+00 6.000000000000000000e+00 3.070320000000001492e+00
4.903908157563492964e-01 1.000000000000000000e+00 3.000000000000000000e+00 5.576740000000004471e+00
7.231598874271565336e-01 1.000000000000000000e+00 5.000000000000000000e+00 3.474420000000001174e+00
6.053192176251777079e-01 1.000000000000000000e+00 4.000000000000000000e+00 4.226800000000002555e+00
5.307175981437106671e-01 1.000000000000000000e+00 3.000000000000000000e+00 3.072700000000001097e+00
6.743982036522296886e-01 3.000000000000000000e+00 2.000000000000000000e+00 2.406299999999999883e+00
6.446333147634767391e-01 0.000000000000000000e+00 6.000000000000000000e+00 3.622100000000002318e+00
9.339413767145556822e-01 1.000000000000000000e+00 4.000000000000000000e+00 3.326500000000002011e+00
7.699706983706030572e-01 1.000000000000000000e+00 4.000000000000000000e+00 2.992400000000000837e+00
7.244095739235834053e-01 2.000000000000000000e+00 5.000000000000000000e+00 3.105920000000000236e+00
5.307213176586916825e-01 1.000000000000000000e+00 5.000000000000000000e+00 2.879240000000001132e+00
6.214236396475866231e-01 3.000000000000000000e+00 8.000000000000000000e+00 1.948500000000001675e+00
3.956506601198238049e-01 3.000000000000000000e+00 6.000000000000000000e+00 4.612200000000002298e+00
2.560991332262120279e-01 5.000000000000000000e+00 9.000000000000000000e+00 2.247399999999999398e+00
8.807285394160606629e-01 2.000000000000000000e+00 4.000000000000000000e+00 4.364100000000001423e+00
1.390200900321026667e-01 2.000000000000000000e+00 1.500000000000000000e+01 6.605800000000006555e+00
4.449687957111526093e-01 2.000000000000000000e+00 5.000000000000000000e+00 1.633100000000000884e+00
7.178858368403617796e-01 2.000000000000000000e+00 1.000000000000000000e+00 2.856300000000000949e+00
8.457292457729300716e-01 2.000000000000000000e+00 1.000000000000000000e+00 2.447900000000000187e+00
4.947373090421913755e-01 3.000000000000000000e+00 7.000000000000000000e+00 4.009300000000002306e+00
8.274841249091268169e-01 2.000000000000000000e+00 5.000000000000000000e+00 2.985699999999999577e+00
5.981616815314103608e-01 3.000000000000000000e+00 7.000000000000000000e+00 2.078119999999999301e+00
5.437574873388782981e-01 2.000000000000000000e+00 8.000000000000000000e+00 2.346099999999999852e+00
6.145587255585857056e-01 1.000000000000000000e+00 5.000000000000000000e+00 4.538600000000004187e+00
8.168980178166289630e-01 1.000000000000000000e+00 5.000000000000000000e+00 2.980300000000001504e+00
4.948616862183353726e-01 3.000000000000000000e+00 7.000000000000000000e+00 2.544100000000000250e+00
8.200756996105424967e-01 1.000000000000000000e+00 7.000000000000000000e+00 2.640700000000000713e+00
4.816829508720480990e-01 0.000000000000000000e+00 3.000000000000000000e+00 5.418200000000005012e+00
8.273639658142304398e-01 0.000000000000000000e+00 4.000000000000000000e+00 3.047700000000001630e+00
2.035077643304568362e-01 4.000000000000000000e+00 1.300000000000000000e+01 4.454000000000003290e+00
5.525722321259266545e-01 1.000000000000000000e+00 4.000000000000000000e+00 4.939780000000004279e+00
6.164391834948148574e-01 2.000000000000000000e+00 1.100000000000000000e+01 2.393399999999999750e+00
3.578713196659329410e-01 2.000000000000000000e+00 7.000000000000000000e+00 5.912420000000006226e+00
2.436740130268608140e-01 6.000000000000000000e+00 1.100000000000000000e+01 3.461200000000001165e+00
3.536293384759256475e-01 0.000000000000000000e+00 7.000000000000000000e+00 4.896200000000004771e+00
8.649275959973684591e-01 1.000000000000000000e+00 5.000000000000000000e+00 3.527300000000002100e+00
7.058372181791948696e-01 1.000000000000000000e+00 4.000000000000000000e+00 3.692720000000002223e+00
5.939304230858731826e-01 2.000000000000000000e+00 4.000000000000000000e+00 5.319900000000002294e+00
5.165883329988343320e-01 3.000000000000000000e+00 7.000000000000000000e+00 3.643020000000000813e+00
7.941237763059726396e-01 2.000000000000000000e+00 2.000000000000000000e+00 1.593999999999999861e+00
2.652725164551941739e-01 3.000000000000000000e+00 1.400000000000000000e+01 3.753600000000000492e+00
4.302415603112018649e-01 2.000000000000000000e+00 9.000000000000000000e+00 5.463800000000004431e+00
7.786607127439693077e-01 1.000000000000000000e+00 4.000000000000000000e+00 4.748620000000002506e+00
5.352986872703192622e-01 1.000000000000000000e+00 2.000000000000000000e+00 5.194480000000003983e+00
7.417511474985238884e-01 1.000000000000000000e+00 2.000000000000000000e+00 4.116900000000002890e+00
2.790326150305901254e-01 2.000000000000000000e+00 9.000000000000000000e+00 5.042900000000004823e+00
8.772916306405130760e-01 2.000000000000000000e+00 3.000000000000000000e+00 1.995299999999999851e+00
7.849558299886598700e-01 1.000000000000000000e+00 6.000000000000000000e+00 3.573240000000001970e+00
3.864771407563314942e-01 1.000000000000000000e+00 8.000000000000000000e+00 5.351300000000004609e+00
8.371289360458546991e-01 2.000000000000000000e+00 6.000000000000000000e+00 2.782700000000001062e+00
3.860650715997805404e-01 3.000000000000000000e+00 9.000000000000000000e+00 2.931300000000000239e+00
5.500246586365706847e-01 3.000000000000000000e+00 8.000000000000000000e+00 1.235800000000001786e+00
4.453423286824671479e-01 3.000000000000000000e+00 6.000000000000000000e+00 2.747680000000001233e+00
5.718459844204298870e-01 0.000000000000000000e+00 1.000000000000000000e+00 4.852300000000004943e+00
6.305963929533454637e-01 3.000000000000000000e+00 3.000000000000000000e+00 2.720000000000000639e+00
6.076356824694545411e-01 2.000000000000000000e+00 5.000000000000000000e+00 4.352900000000002656e+00
8.911396693660198487e-01 2.000000000000000000e+00 2.000000000000000000e+00 2.888450000000001516e+00
9.408090246489417829e-01 1.000000000000000000e+00 4.000000000000000000e+00 2.485360000000000902e+00
6.322135083294649904e-01 2.000000000000000000e+00 6.000000000000000000e+00 3.528920000000002055e+00
4.083087840153521442e-01 3.000000000000000000e+00 1.200000000000000000e+01 2.961800000000000210e+00
4.428354064012243185e-01 2.000000000000000000e+00 5.000000000000000000e+00 5.039000000000004142e+00
7.634393166924255958e-01 1.000000000000000000e+00 2.000000000000000000e+00 1.858779999999999877e+00
8.366473557753505430e-01 0.000000000000000000e+00 4.000000000000000000e+00 4.121000000000003105e+00
3.541514789495292526e-01 3.000000000000000000e+00 1.100000000000000000e+01 3.140300000000005198e+00
7.798014994769733033e-01 2.000000000000000000e+00 3.000000000000000000e+00 2.433400000000000674e+00
5.228673903800364897e-01 0.000000000000000000e+00 3.000000000000000000e+00 4.168400000000003658e+00
5.761189015701562166e-01 1.000000000000000000e+00 7.000000000000000000e+00 2.738920000000001131e+00
6.479401119329728509e-01 3.000000000000000000e+00 6.000000000000000000e+00 3.532900000000002372e+00
3.245484819411356137e-01 1.000000000000000000e+00 6.000000000000000000e+00 4.673500000000003318e+00
7.683688060325686298e-01 1.000000000000000000e+00 6.000000000000000000e+00 5.044840000000004210e+00
7.293559761903751770e-01 2.000000000000000000e+00 5.000000000000000000e+00 3.372700000000000919e+00
7.195732065338682482e-01 2.000000000000000000e+00 3.000000000000000000e+00 2.892300000000000537e+00
4.051904538567723812e-01 2.000000000000000000e+00 7.000000000000000000e+00 -6.360799999999995347e-01
4.642650480123916568e-01 3.000000000000000000e+00 6.000000000000000000e+00 2.346499999999999808e+00
5.664359482124271539e-01 2.000000000000000000e+00 6.000000000000000000e+00 5.091900000000004312e+00
6.273492760718252237e-01 1.000000000000000000e+00 5.000000000000000000e+00 4.756400000000002848e+00
4.349968590048695072e-01 1.000000000000000000e+00 9.000000000000000000e+00 5.387920000000005594e+00
7.478226517701652698e-01 1.000000000000000000e+00 4.000000000000000000e+00 3.659620000000002094e+00
2.087387007342161871e-01 3.000000000000000000e+00 1.500000000000000000e+01 2.824920000000001430e+00
6.519946038404287325e-01 1.000000000000000000e+00 6.000000000000000000e+00 2.027120000000000033e+00
5.898694910964898952e-01 2.000000000000000000e+00 4.000000000000000000e+00 3.905620000000001646e+00
3.106825342518109712e-01 2.000000000000000000e+00 8.000000000000000000e+00 5.250600000000004819e+00
2.466133264993982110e-01 3.000000000000000000e+00 9.000000000000000000e+00 6.758400000000004404e+00
2.240204294235247640e-01 3.000000000000000000e+00 1.100000000000000000e+01 1.091720000000000912e+00
6.724198080498108299e-01 2.000000000000000000e+00 3.000000000000000000e+00 2.875499999999999723e+00
3.043612043102547071e-01 5.000000000000000000e+00 1.000000000000000000e+00 -1.082329999999999792e+00
8.430567790571498188e-01 2.000000000000000000e+00 3.000000000000000000e+00 3.021200000000001218e+00
5.291564475607598572e-01 2.000000000000000000e+00 6.000000000000000000e+00 2.579200000000000159e+00
5.201361867710146969e-01 2.000000000000000000e+00 4.000000000000000000e+00 3.450780000000000847e+00
7.073865386739818240e-01 0.000000000000000000e+00 3.000000000000000000e+00 4.580020000000002867e+00
6.006905061472703755e-01 1.000000000000000000e+00 7.000000000000000000e+00 3.708600000000002339e+00
6.381634411493972703e-01 3.000000000000000000e+00 5.000000000000000000e+00 2.534019999999999051e+00
6.464819759445511460e-01 3.000000000000000000e+00 5.000000000000000000e+00 3.574700000000000877e+00
7.210070011634853726e-01 3.000000000000000000e+00 3.000000000000000000e+00 1.173499999999999766e+00
4.175268656497103659e-01 2.000000000000000000e+00 9.000000000000000000e+00 3.019500000000001627e+00
5.462519797452192183e-01 2.000000000000000000e+00 6.000000000000000000e+00 4.534600000000002851e+00
6.012984237201489668e-01 1.000000000000000000e+00 6.000000000000000000e+00 4.386220000000004227e+00
4.554144970214469290e-01 0.000000000000000000e+00 7.000000000000000000e+00 4.205800000000002647e+00
5.791040828519021799e-01 0.000000000000000000e+00 5.000000000000000000e+00 3.023140000000001493e+00
5.813209452035855707e-01 2.000000000000000000e+00 6.000000000000000000e+00 4.020300000000002427e+00
3.500147533939856198e-02 1.700000000000000000e+01 2.800000000000000000e+01 -4.851700000000009005e+00
3.746657700991504747e-01 2.000000000000000000e+00 7.000000000000000000e+00 4.070600000000002439e+00
4.493831432285027017e-01 1.000000000000000000e+00 9.000000000000000000e+00 5.972400000000005704e+00
7.009661959744275528e-01 2.000000000000000000e+00 6.000000000000000000e+00 3.972900000000002763e+00
2.981000684021627989e-01 4.000000000000000000e+00 9.000000000000000000e+00 2.996200000000000863e+00
6.050006224164754531e-01 2.000000000000000000e+00 8.000000000000000000e+00 4.826240000000004748e+00
6.037718479047049502e-01 1.000000000000000000e+00 6.000000000000000000e+00 3.602600000000002467e+00
6.785813223786175685e-01 1.000000000000000000e+00 7.000000000000000000e+00 1.840999999999999748e+00
5.917430897650455268e-01 1.000000000000000000e+00 5.000000000000000000e+00 4.433640000000004022e+00
7.469949941329613319e-01 1.000000000000000000e+00 5.000000000000000000e+00 4.457300000000002704e+00
5.956141054872809981e-01 2.000000000000000000e+00 5.000000000000000000e+00 4.144500000000002515e+00
7.178511084779728435e-01 0.000000000000000000e+00 3.000000000000000000e+00 2.807200000000000806e+00
2.978102250301328802e-01 5.000000000000000000e+00 8.000000000000000000e+00 -2.538899999999997270e+00
4.453527792952664544e-01 2.000000000000000000e+00 1.000000000000000000e+01 4.034100000000001351e+00
8.592502913465048797e-01 1.000000000000000000e+00 4.000000000000000000e+00 3.846580000000001220e+00
4.077170062250802252e-01 2.000000000000000000e+00 7.000000000000000000e+00 3.318480000000000985e+00
7.268327831824803464e-01 2.000000000000000000e+00 6.000000000000000000e+00 2.577099999999999724e+00
7.723897034733064881e-01 2.000000000000000000e+00 4.000000000000000000e+00 2.752700000000000813e+00
6.181996922805278460e-01 2.000000000000000000e+00 6.000000000000000000e+00 2.733220000000000205e+00
5.998689433499304613e-01 1.000000000000000000e+00 1.000000000000000000e+00 7.797999999999999376e-01
5.534360317036183252e-01 1.000000000000000000e+00 4.000000000000000000e+00 3.697100000000000719e+00
5.769206060895704091e-01 1.000000000000000000e+00 3.000000000000000000e+00 4.866360000000003794e+00
5.109980482191500695e-01 2.000000000000000000e+00 6.000000000000000000e+00 4.317500000000002558e+00
7.663714886728638653e-01 1.000000000000000000e+00 2.000000000000000000e+00 2.949100000000000499e+00
4.717812858248736085e-01 3.000000000000000000e+00 7.000000000000000000e+00 3.469000000000001194e+00
5.892156010224514073e-01 1.000000000000000000e+00 2.000000000000000000e+00 3.891420000000001878e+00
3.087842866419347465e-01 2.000000000000000000e+00 7.000000000000000000e+00 5.986420000000005182e+00
7.077279930569057020e-01 2.000000000000000000e+00 4.000000000000000000e+00 3.107300000000002171e+00
7.116489688886102893e-01 2.000000000000000000e+00 5.000000000000000000e+00 1.546699999999999520e+00
4.615637786153084510e-01 1.000000000000000000e+00 9.000000000000000000e+00 4.147900000000002585e+00
6.672134969921049708e-01 3.000000000000000000e+00 2.000000000000000000e+00 1.895700000000000163e+00
3.974063353417666700e-01 2.000000000000000000e+00 6.000000000000000000e+00 5.630220000000003999e+00
3.530886701995012422e-01 0.000000000000000000e+00 6.000000000000000000e+00 5.189720000000005662e+00
2.969735432942124387e-01 1.000000000000000000e+00 8.000000000000000000e+00 5.192700000000004756e+00
8.087905300719249180e-01 2.000000000000000000e+00 4.000000000000000000e+00 9.592999999999998195e-01
3.513861481902493256e-01 4.000000000000000000e+00 8.000000000000000000e+00 2.567900000000001626e+00
9.356398496922676555e-01 1.000000000000000000e+00 4.000000000000000000e+00 3.333900000000001640e+00
7.402948369011109753e-01 0.000000000000000000e+00 2.000000000000000000e+00 4.930500000000003880e+00
5.516629955190890389e-01 0.000000000000000000e+00 6.000000000000000000e+00 2.088199999999999612e+00
7.543128033883929051e-01 1.000000000000000000e+00 5.000000000000000000e+00 2.786200000000000010e+00
5.098454602567185079e-01 1.000000000000000000e+00 8.000000000000000000e+00 5.552920000000005629e+00
5.498613046576270591e-01 1.000000000000000000e+00 6.000000000000000000e+00 3.325120000000001852e+00
6.109084525247683306e-01 0.000000000000000000e+00 7.000000000000000000e+00 3.463500000000002466e+00
5.915500932896597952e-01 2.000000000000000000e+00 5.000000000000000000e+00 3.624100000000002098e+00
5.646505521102157532e-01 2.000000000000000000e+00 5.000000000000000000e+00 3.123200000000000642e+00
3.476144181686252610e-01 5.000000000000000000e+00 1.000000000000000000e+01 3.766200000000002213e+00
6.291720029803116176e-01 2.000000000000000000e+00 1.000000000000000000e+00 7.376200000000001644e-01
7.161809175651211445e-01 1.000000000000000000e+00 5.000000000000000000e+00 3.897440000000003124e+00
4.944316269245907502e-01 2.000000000000000000e+00 1.000000000000000000e+01 4.161700000000002397e+00
6.200259095835055634e-01 0.000000000000000000e+00 4.000000000000000000e+00 3.169700000000001516e+00
6.640331402124737270e-01 2.000000000000000000e+00 6.000000000000000000e+00 3.244180000000001840e+00
9.191177125758973609e-01 1.000000000000000000e+00 4.000000000000000000e+00 4.174800000000002953e+00
8.650420358096296836e-01 1.000000000000000000e+00 1.000000000000000000e+00 3.665400000000002656e+00
3.368004139227162019e-01 2.000000000000000000e+00 7.000000000000000000e+00 4.922480000000003741e+00
7.258059408521789768e-01 2.000000000000000000e+00 5.000000000000000000e+00 2.767700000000001381e+00
7.715874879039953393e-01 1.000000000000000000e+00 0.000000000000000000e+00 3.327300000000001035e+00
8.386796502124476138e-01 1.000000000000000000e+00 1.000000000000000000e+00 2.967500000000001137e+00
8.575116988146445074e-01 0.000000000000000000e+00 3.000000000000000000e+00 2.537500000000000533e+00
7.446899146641550171e-01 2.000000000000000000e+00 3.000000000000000000e+00 3.658900000000001818e+00
7.033474919154647509e-01 2.000000000000000000e+00 0.000000000000000000e+00 1.198099999999999943e+00
4.595200002778869752e-01 2.000000000000000000e+00 7.000000000000000000e+00 3.811600000000002098e+00
5.196138205354262629e-01 2.000000000000000000e+00 7.000000000000000000e+00 4.428700000000003634e+00
4.737398446894938164e-01 2.000000000000000000e+00 8.000000000000000000e+00 4.139800000000001923e+00
7.895345970741449726e-01 3.000000000000000000e+00 3.000000000000000000e+00 2.321600000000000108e+00
7.400397016060075162e-01 1.000000000000000000e+00 4.000000000000000000e+00 3.801840000000001218e+00
1.527367817482011281e-01 2.000000000000000000e+00 1.400000000000000000e+01 6.344000000000006523e+00
6.530251998867978580e-01 0.000000000000000000e+00 4.000000000000000000e+00 2.182599999999999874e+00
7.166041254699327956e-01 2.000000000000000000e+00 5.000000000000000000e+00 4.374260000000002258e+00
5.760794128614604714e-01 2.000000000000000000e+00 7.000000000000000000e+00 1.594700000000000006e+00
6.317913172683250478e-01 0.000000000000000000e+00 6.000000000000000000e+00 4.227100000000002744e+00
6.594613222872972580e-01 1.000000000000000000e+00 6.000000000000000000e+00 3.483020000000001559e+00
5.497487381586311228e-01 2.000000000000000000e+00 7.000000000000000000e+00 7.956000000000011951e-01
